Voltage (1)  Voltage (2)  Voltage (diff)  Resistance  Temp (C)  Average temp-10 (C) Average temp-100 (C)						
1.29	1.65	0.36	6407.38	35.9	34.49	28.31
1.31	1.66	0.35	6486.7	35.62	34.67	28.4
1.31	1.65	0.34	6620.63	35.16	34.82	28.48
1.31	1.65	0.34	6566.8	35.35	34.94	28.57
1.3	1.65	0.35	6460.18	35.71	35.09	28.66
1.3	1.65	0.35	6460.18	35.71	35.22	28.76
1.29	1.65	0.35	6460.18	35.71	35.34	28.85
1.29	1.65	0.36	6407.38	35.9	35.47	28.94
1.29	1.65	0.36	6433.73	35.81	35.55	29.04
1.3	1.65	0.35	6460.18	35.71	35.66	29.13
1.3	1.65	0.35	6513.32	35.53	35.62	29.22
1.3	1.65	0.35	6513.32	35.53	35.61	29.31
1.3	1.65	0.35	6513.32	35.53	35.65	29.4
1.28	1.65	0.37	6354.92	36.08	35.72	29.5
1.28	1.64	0.35	6486.7	35.62	35.71	29.59
1.29	1.65	0.36	6381.1	35.99	35.74	29.69
1.28	1.65	0.37	6328.81	36.17	35.79	29.79
1.28	1.65	0.36	6381.1	35.99	35.8	29.89
1.29	1.65	0.36	6407.38	35.9	35.81	29.98
1.29	1.65	0.35	6460.18	35.71	35.81	30.08
1.27	1.65	0.38	6276.85	36.36	35.89	30.18
1.3	1.65	0.35	6486.7	35.62	35.9	30.27
1.29	1.65	0.36	6433.73	35.81	35.93	30.37
1.28	1.65	0.38	6276.85	36.36	35.95	30.47
1.29	1.65	0.36	6407.38	35.9	35.98	30.57
1.29	1.65	0.35	6486.7	35.62	35.94	30.66
1.29	1.65	0.36	6381.1	35.99	35.93	30.76
1.28	1.65	0.37	6302.79	36.27	35.95	30.86
1.28	1.65	0.37	6328.81	36.17	35.98	30.97
1.28	1.65	0.37	6354.92	36.08	36.02	31.07
1.29	1.65	0.36	6407.38	35.9	35.97	31.16
1.29	1.65	0.36	6381.1	35.99	36.01	31.26
1.28	1.65	0.36	6381.1	35.99	36.03	31.36
1.28	1.65	0.37	6354.92	36.08	36	31.45
1.29	1.65	0.36	6381.1	35.99	36.01	31.54
1.29	1.65	0.36	6407.38	35.9	36.04	31.64
1.28	1.65	0.37	6328.81	36.17	36.05	31.73
1.28	1.65	0.37	6328.81	36.17	36.04	31.82
1.28	1.65	0.37	6302.79	36.27	36.05	31.91
1.27	1.65	0.37	6302.79	36.27	36.07	32
1.28	1.65	0.37	6328.81	36.17	36.1	32.08
1.26	1.65	0.38	6225.22	36.54	36.16	32.16
1.27	1.65	0.38	6250.99	36.45	36.2	32.24
1.27	1.65	0.38	6225.22	36.54	36.25	32.33
1.28	1.65	0.36	6381.1	35.99	36.25	32.41
1.28	1.65	0.37	6328.81	36.17	36.28	32.49
1.28	1.65	0.37	6328.81	36.17	36.28	32.57
1.29	1.65	0.36	6381.1	35.99	36.26	32.65
1.28	1.65	0.37	6328.81	36.17	36.25	32.73
1.28	1.65	0.36	6381.1	35.99	36.22	32.81
1.28	1.65	0.37	6328.81	36.17	36.22	32.88
1.27	1.65	0.38	6276.85	36.36	36.2	32.97
1.28	1.65	0.37	6328.81	36.17	36.17	33.04
1.27	1.65	0.37	6302.79	36.27	36.15	33.12
1.23	1.65	0.42	5947	37.57	36.3	33.2
1.28	1.64	0.35	6460.18	35.71	36.26	33.28
1.29	1.65	0.35	6460.18	35.71	36.21	33.35
1.29	1.65	0.36	6407.38	35.9	36.2	33.43
1.27	1.65	0.37	6302.79	36.27	36.21	33.51
1.25	1.65	0.4	6097.56	37.01	36.31	33.6
1.47	1.65	0.18	8058.25	30.72	35.77	33.63
1.27	1.65	0.38	6276.85	36.36	35.77	33.71
1.27	1.65	0.38	6276.85	36.36	35.79	33.8
1.28	1.65	0.37	6302.79	36.27	35.79	33.89
1.3	1.65	0.35	6460.18	35.71	35.6	33.96
1.25	1.66	0.42	5971.9	37.47	35.78	34.06
1.28	1.65	0.37	6328.81	36.17	35.82	34.14
1.27	1.65	0.38	6250.99	36.45	35.88	34.23
1.27	1.65	0.38	6276.85	36.36	35.89	34.32
1.22	1.65	0.43	5872.77	37.85	35.97	34.42
1.28	1.65	0.37	6302.79	36.27	36.53	34.51
1.13	1.65	0.52	5211.9	40.49	36.94	34.64
1.3	1.65	0.35	6513.32	35.53	36.86	34.72
1.27	1.65	0.38	6276.85	36.36	36.87	34.81
1.28	1.65	0.37	6328.81	36.17	36.91	34.9
1.28	1.65	0.37	6328.81	36.17	36.78	34.99
1.29	1.65	0.36	6433.73	35.81	36.75	35.08
1.27	1.66	0.38	6225.22	36.54	36.75	35.17
1.3	1.65	0.34	6566.8	35.35	36.65	35.25
1.27	1.65	0.38	6250.99	36.45	36.51	35.34
1.27	1.65	0.38	6225.22	36.54	36.54	35.43
1.28	1.61	0.33	6674.82	34.98	35.99	35.5
1.29	1.65	0.36	6407.38	35.9	36.03	35.57
1.29	1.65	0.36	6433.73	35.81	35.97	35.63
1.29	1.65	0.36	6433.73	35.81	35.93	35.68
1.27	1.65	0.38	6250.99	36.45	35.96	35.74
1.29	1.65	0.36	6381.1	35.99	35.98	35.78
1.28	1.65	0.37	6302.79	36.27	35.95	35.82
1.28	1.65	0.37	6328.81	36.17	36.04	35.85
1.29	1.65	0.36	6433.73	35.81	35.97	35.88
1.27	1.66	0.39	6173.91	36.73	35.99	35.91
1.27	1.65	0.38	6250.99	36.45	36.14	35.94
1.28	1.65	0.36	6381.1	35.99	36.15	35.96
1.29	1.65	0.36	6407.38	35.9	36.16	35.98
1.3	1.65	0.35	6486.7	35.62	36.14	35.99
1.3	1.65	0.35	6486.71	35.62	36.05	36
1.28	1.65	0.37	6328.81	36.17	36.07	36.02
1.28	1.65	0.37	6354.92	36.08	36.05	36.04
1.28	1.65	0.37	6328.81	36.17	36.05	36.05
1.28	1.65	0.37	6328.81	36.17	36.09	36.06
1.27	1.63	0.36	6433.74	35.81	36	36.06
1.28	1.65	0.37	6302.79	36.27	35.98	36.07
1.27	1.65	0.38	6225.22	36.54	36.04	36.08
1.28	1.65	0.37	6354.92	36.08	36.05	36.09
1.35	1.65	0.3	6951.12	34.07	35.9	36.07
1.26	1.65	0.38	6225.22	36.54	35.99	36.08
1.29	1.65	0.36	6407.38	35.9	35.96	36.08
1.28	1.65	0.37	6354.92	36.08	35.96	36.09
1.28	1.65	0.37	6354.92	36.08	35.95	36.09
1.29	1.65	0.36	6381.1	35.99	35.94	36.09
1.27	1.65	0.38	6250.99	36.45	36	36.1
1.27	1.65	0.38	6276.85	36.36	36.01	36.11
1.28	1.65	0.37	6328.81	36.17	35.97	36.12
1.26	1.65	0.39	6173.91	36.73	36.04	36.12
1.28	1.65	0.36	6381.1	35.99	36.23	36.13
1.27	1.65	0.37	6302.79	36.27	36.2	36.13
1.29	1.65	0.36	6381.1	35.99	36.21	36.13
1.28	1.65	0.37	6302.79	36.27	36.23	36.13
1.28	1.65	0.37	6302.79	36.27	36.25	36.13
1.28	1.65	0.37	6328.81	36.17	36.27	36.14
1.27	1.65	0.38	6276.85	36.36	36.26	36.14
1.27	1.65	0.38	6276.85	36.36	36.26	36.14
1.27	1.65	0.38	6225.22	36.54	36.29	36.15
1.29	1.65	0.36	6407.38	35.9	36.21	36.15
1.28	1.65	0.36	6381.1	35.99	36.21	36.15
1.26	1.65	0.39	6173.91	36.73	36.26	36.16
1.29	1.65	0.36	6433.73	35.81	36.24	36.16
1.28	1.65	0.37	6354.92	36.08	36.22	36.16
1.25	1.65	0.39	6148.38	36.82	36.28	36.16
1.29	1.65	0.36	6433.73	35.81	36.24	36.16
1.27	1.65	0.38	6250.99	36.45	36.25	36.17
1.27	1.65	0.38	6276.85	36.36	36.25	36.17
1.28	1.65	0.37	6354.92	36.08	36.2	36.17
1.29	1.65	0.36	6407.38	35.9	36.2	36.17
1.27	1.69	0.42	5947	37.57	36.36	36.18
1.28	1.65	0.36	6381.1	35.99	36.29	36.18
1.26	1.65	0.39	6173.91	36.73	36.38	36.19
1.29	1.65	0.36	6381.1	35.99	36.37	36.19
1.27	1.65	0.38	6225.22	36.54	36.34	36.19
1.27	1.65	0.38	6250.99	36.45	36.41	36.19
1.02	1.65	0.63	4479.83	43.82	37.14	36.27
1.24	1.65	0.41	5996.87	37.38	37.24	36.28
1.26	1.65	0.39	6173.91	36.73	37.31	36.28
1.28	1.65	0.37	6328.81	36.17	37.34	36.28
1.28	1.66	0.37	6302.79	36.27	37.21	36.28
1.29	1.65	0.36	6407.38	35.9	37.2	36.28
1.25	1.64	0.39	6173.91	36.73	37.2	36.28
1.33	1.65	0.32	6756.76	34.7	37.07	36.27
1.33	1.65	0.33	6702.04	34.89	36.9	36.26
1.27	1.65	0.37	6302.79	36.27	36.88	36.26
1.27	1.65	0.38	6250.99	36.45	36.15	36.26
1.28	1.68	0.4	6072.27	37.1	36.12	36.27
1.29	1.65	0.36	6407.38	35.9	36.04	36.27
1.28	1.65	0.36	6381.1	35.99	36.02	36.26
1.27	1.65	0.38	6225.22	36.54	36.05	36.25
1.27	1.65	0.38	6276.85	36.36	36.09	36.26
1.27	1.65	0.38	6250.99	36.45	36.06	36.27
1.28	1.65	0.37	6328.81	36.17	36.21	36.27
1.26	1.65	0.38	6225.22	36.54	36.38	36.27
1.28	1.65	0.37	6328.81	36.17	36.37	36.26
1.28	1.64	0.36	6433.73	35.81	36.3	36.32
1.27	1.65	0.38	6250.99	36.45	36.24	36.32
1.29	1.65	0.36	6433.73	35.81	36.23	36.31
1.31	1.65	0.34	6566.8	35.35	36.17	36.3
1.28	1.64	0.36	6407.38	35.9	36.1	36.3
1.26	1.65	0.39	6173.91	36.73	36.14	36.3
1.34	1.65	0.31	6839.51	34.43	35.94	36.28
1.27	1.65	0.38	6276.85	36.36	35.95	36.28
1.32	1.65	0.34	6620.63	35.16	35.82	36.27
1.3	1.65	0.35	6513.32	35.53	35.75	36.24
1.31	1.65	0.34	6593.67	35.25	35.7	36.23
1.28	1.65	0.36	6381.1	35.99	35.65	36.19
1.27	1.65	0.37	6302.79	36.27	35.7	36.2
1.29	1.65	0.35	6486.7	35.62	35.72	36.19
1.28	1.65	0.36	6381.1	35.99	35.73	36.19
1.28	1.65	0.36	6381.1	35.99	35.66	36.18
1.28	1.65	0.37	6328.81	36.17	35.83	36.19
1.27	1.65	0.38	6225.22	36.54	35.85	36.19
1.26	1.65	0.39	6173.91	36.73	36.01	36.2
1.27	1.65	0.38	6250.99	36.45	36.1	36.2
1.28	1.65	0.37	6354.92	36.08	36.18	36.2
1.3	1.65	0.35	6460.18	35.71	36.16	36.2
1.74	1.65	-0.09	11114.55	23.33	34.86	36.08
1.28	1.65	0.37	6328.81	36.17	34.92	36.08
1.25	1.65	0.4	6072.27	37.1	35.03	36.1
1.3	1.65	0.35	6486.71	35.62	34.99	36.09
1.27	1.65	0.38	6250.99	36.45	35.02	36.09
1.29	1.65	0.36	6381.1	35.99	34.96	36.09
1.28	1.65	0.37	6328.81	36.17	34.91	36.09
1.27	1.65	0.38	6250.99	36.45	34.91	36.1
1.29	1.65	0.36	6433.73	35.81	34.88	36.09
1.28	1.65	0.37	6328.81	36.17	34.93	36.08
1.28	1.7	0.42	5947	37.57	36.35	36.1
1.28	1.65	0.37	6354.92	36.08	36.34	36.1
1.28	1.65	0.37	6328.81	36.17	36.25	36.11
1.27	1.65	0.38	6250.99	36.45	36.33	36.11
1.26	1.65	0.39	6148.38	36.82	36.37	36.12
1.27	1.65	0.37	6302.79	36.27	36.4	36.12
1.28	1.65	0.37	6354.92	36.08	36.39	36.12
1.29	1.65	0.36	6381.1	35.99	36.34	36.12
1.29	1.65	0.36	6433.73	35.81	36.34	36.12
1.3	1.65	0.35	6460.18	35.71	36.29	36.11
1.28	1.65	0.37	6328.81	36.17	36.16	36.11
1.29	1.65	0.36	6381.1	35.99	36.15	36.11
1.29	1.65	0.36	6381.1	35.99	36.13	36.13
1.26	1.65	0.38	6225.22	36.54	36.14	36.13
1.27	1.65	0.38	6250.99	36.45	36.1	36.13
1.3	1.65	0.35	6486.71	35.62	36.04	36.13
1.26	1.65	0.38	6225.22	36.54	36.08	36.13
1.29	1.65	0.36	6433.73	35.81	36.06	36.13
1.4	1.65	0.25	7353.69	32.79	35.76	36.1
1.28	1.65	0.37	6354.92	36.08	35.8	36.09
1.29	1.65	0.36	6433.73	35.81	35.76	36.09
1.27	1.65	0.38	6276.85	36.36	35.8	36.09
1.28	1.65	0.36	6381.1	35.99	35.8	36.09
1.3	1.65	0.35	6460.18	35.71	35.72	36.08
1.26	1.65	0.38	6225.22	36.54	35.73	36.09
1.29	1.65	0.36	6433.73	35.81	35.74	36.08
1.28	1.65	0.37	6354.92	36.08	35.7	36.08
1.27	1.65	0.38	6276.85	36.36	35.75	36.08
1.28	1.65	0.37	6302.79	36.27	36.1	36.08
1.28	1.65	0.37	6302.79	36.27	36.12	36.08
1.3	1.65	0.35	6460.18	35.71	36.11	36.07
1.3	1.65	0.35	6460.18	35.71	36.05	36.07
1.28	1.65	0.37	6328.81	36.17	36.06	36.07
1.28	1.65	0.37	6328.81	36.17	36.11	36.07
1.27	1.65	0.38	6225.22	36.54	36.11	36.07
1.29	1.65	0.36	6433.73	35.81	36.11	36.07
1.29	1.65	0.36	6433.73	35.81	36.08	36.06
1.28	1.65	0.37	6302.79	36.27	36.07	36.06
1.27	1.65	0.38	6225.22	36.54	36.1	36.07
1.26	1.65	0.39	6148.38	36.82	36.16	36.07
1.3	1.65	0.35	6486.7	35.62	36.15	36.07
1.28	1.65	0.37	6354.92	36.08	36.18	36.07
1.27	1.65	0.38	6225.22	36.54	36.22	36.06
1.27	1.65	0.37	6302.79	36.27	36.23	36.06
1.29	1.65	0.36	6433.73	35.81	36.16	36.05
1.3	1.62	0.32	6756.76	34.7	36.05	36.04
1.29	1.65	0.36	6407.38	35.9	36.06	36.03
1.27	1.65	0.37	6328.81	36.17	36.05	36.03
1.29	1.65	0.36	6433.73	35.81	35.97	35.95
1.27	1.65	0.38	6250.99	36.45	35.93	35.94
1.26	1.65	0.39	6148.38	36.82	36.05	35.94
1.27	1.65	0.38	6250.99	36.45	36.09	35.94
1.29	1.65	0.36	6433.73	35.81	36.02	35.94
1.26	1.65	0.39	6173.91	36.73	36.06	35.95
1.26	1.65	0.39	6199.52	36.64	36.15	35.95
1.28	1.65	0.37	6328.81	36.17	36.29	35.96
1.28	1.65	0.37	6354.92	36.08	36.31	35.97
1.27	1.65	0.37	6302.79	36.27	36.32	35.97
1.29	1.65	0.36	6407.38	35.9	36.33	35.97
1.28	1.65	0.37	6328.81	36.17	36.3	35.96
1.28	1.65	0.38	6276.85	36.36	36.26	35.96
1.28	1.65	0.37	6328.81	36.17	36.23	35.96
1.27	1.65	0.38	6276.85	36.36	36.28	35.96
1.3	1.65	0.36	6433.73	35.81	36.19	35.96
1.29	1.65	0.36	6433.73	35.81	36.11	35.95
1.29	1.65	0.36	6407.38	35.9	36.08	35.95
1.28	1.66	0.38	6276.85	36.36	36.11	35.95
1.27	1.65	0.37	6302.79	36.27	36.11	35.95
1.21	1.65	0.44	5799.23	38.13	36.33	35.97
1.3	1.65	0.35	6513.32	35.53	36.27	35.96
1.3	1.65	0.35	6486.71	35.62	36.19	35.96
1.27	1.65	0.38	6250.99	36.45	36.22	35.97
1.29	1.65	0.36	6433.73	35.81	36.17	35.97
1.26	1.65	0.39	6199.52	36.64	36.25	35.97
1.28	1.65	0.37	6302.79	36.27	36.3	35.99
1.27	1.65	0.38	6250.99	36.45	36.35	35.99
1.28	1.65	0.38	6276.85	36.36	36.35	36
1.22	1.65	0.43	5897.44	37.75	36.5	36.02
1.27	1.65	0.37	6302.79	36.27	36.31	36.03
1.25	1.65	0.4	6122.93	36.91	36.45	36.04
1.27	1.65	0.38	6225.22	36.54	36.54	36.04
1.27	1.65	0.38	6276.85	36.36	36.54	36.05
1.27	1.65	0.38	6276.85	36.36	36.59	36.05
1.27	1.65	0.38	6276.85	36.36	36.56	36.06
1.28	1.65	0.37	6328.81	36.17	36.55	36.06
1.25	1.65	0.4	6097.56	37.01	36.61	36.06
1.25	1.65	0.4	6122.93	36.91	36.66	36.07
1.26	1.65	0.39	6199.52	36.64	36.55	36.07
1.28	1.65	0.37	6328.81	36.17	36.54	36.07
1.26	1.65	0.39	6199.52	36.64	36.52	36.08
1.28	1.65	0.37	6328.81	36.17	36.48	36.21
1.28	1.65	0.37	6354.92	36.08	36.45	36.2
1.23	1.65	0.42	5947	37.57	36.57	36.21
1.28	1.65	0.37	6354.92	36.08	36.54	36.21
1.29	1.65	0.36	6407.38	35.9	36.52	36.21
1.26	1.65	0.39	6199.52	36.64	36.48	36.21
1.29	1.65	0.37	6354.92	36.08	36.4	36.21
1.27	1.65	0.38	6250.99	36.45	36.38	36.21
1.27	1.65	0.38	6276.85	36.36	36.4	36.22
1.27	1.65	0.38	6250.99	36.45	36.38	36.22
1.27	1.68	0.41	6021.93	37.29	36.49	36.22
1.28	1.65	0.37	6328.81	36.17	36.5	36.22
1.26	1.65	0.39	6148.38	36.82	36.42	36.23
1.29	1.65	0.36	6381.1	35.99	36.41	36.22
1.27	1.65	0.38	6250.99	36.45	36.47	36.22
1.29	1.65	0.35	6460.18	35.71	36.38	36.21
1.3	1.65	0.35	6486.7	35.62	36.33	36.21
1.28	1.65	0.37	6302.79	36.27	36.31	36.21
1.29	1.65	0.36	6433.73	35.81	36.26	36.21
1.26	1.65	0.39	6173.91	36.73	36.29	36.22
1.28	1.65	0.37	6302.79	36.27	36.18	36.22
1.28	1.65	0.37	6302.79	36.27	36.19	36.22
1.28	1.65	0.36	6381.1	35.99	36.11	36.22
1.29	1.65	0.36	6407.38	35.9	36.1	36.22
1.25	1.65	0.39	6148.38	36.82	36.14	36.22
1.27	1.65	0.38	6250.99	36.45	36.21	36.23
1.26	1.65	0.39	6199.52	36.64	36.31	36.23
1.26	1.65	0.39	6199.52	36.64	36.35	36.24
1.25	1.65	0.39	6148.38	36.82	36.45	36.28
1.27	1.65	0.37	6302.79	36.27	36.41	36.28
1.28	1.65	0.37	6328.81	36.17	36.4	36.29
1.26	1.65	0.38	6225.22	36.54	36.42	36.29
1.27	1.65	0.38	6250.99	36.45	36.47	36.29
1.26	1.61	0.35	6540.02	35.44	36.42	36.29
1.25	1.65	0.4	6122.93	36.91	36.43	36.29
1.26	1.65	0.38	6225.22	36.54	36.44	36.3
1.31	1.65	0.34	6566.8	35.35	36.31	36.29
1.27	1.65	0.37	6302.79	36.27	36.28	36.29
1.3	1.65	0.35	6460.18	35.71	36.17	36.29
1.27	1.65	0.38	6250.99	36.45	36.18	36.29
1.28	1.65	0.37	6354.92	36.08	36.17	36.29
1.29	1.66	0.37	6354.92	36.08	36.13	36.3
1.28	1.65	0.37	6328.81	36.17	36.1	36.3
1.27	1.65	0.38	6276.85	36.36	36.19	36.3
1.28	1.65	0.37	6328.81	36.17	36.12	36.29
1.3	1.65	0.35	6486.7	35.62	36.03	36.29
1.27	1.65	0.37	6302.79	36.27	36.12	36.3
1.28	1.65	0.37	6354.92	36.08	36.1	36.29
1.29	1.65	0.36	6407.38	35.9	36.12	36.29
1.28	1.65	0.37	6354.92	36.08	36.08	36.28
1.28	1.65	0.37	6302.79	36.27	36.1	36.29
1.28	1.65	0.37	6328.81	36.17	36.11	36.29
1.26	1.65	0.39	6148.38	36.82	36.17	36.29
1.29	1.65	0.36	6407.38	35.9	36.13	36.29
1.27	1.66	0.39	6173.91	36.73	36.18	36.3
1.27	1.65	0.38	6276.85	36.36	36.26	36.31
1.26	1.65	0.39	6199.52	36.64	36.29	36.32
1.27	1.65	0.38	6276.85	36.36	36.32	36.32
1.29	1.66	0.37	6328.81	36.17	36.35	36.33
1.28	1.65	0.37	6354.92	36.08	36.35	36.32
1.27	1.65	0.38	6225.22	36.54	36.38	36.32
1.27	1.65	0.37	6302.79	36.27	36.39	36.32
1.28	1.65	0.36	6381.1	35.99	36.3	36.32
1.27	1.65	0.38	6276.85	36.36	36.35	36.32
1.26	1.65	0.39	6173.91	36.73	36.35	36.32
1.29	1.65	0.36	6433.73	35.81	36.29	36.31
1.25	1.65	0.4	6097.56	37.01	36.33	36.32
1.28	1.65	0.36	6381.1	35.99	36.29	36.32
1.27	1.65	0.38	6225.22	36.54	36.33	36.33
1.27	1.65	0.38	6225.22	36.54	36.38	36.33
1.29	1.65	0.36	6407.38	35.9	36.31	36.33
1.2	1.65	0.45	5702.23	38.5	36.54	36.35
1.27	1.65	0.38	6276.85	36.36	36.57	36.35
1.28	1.65	0.36	6381.1	35.99	36.54	36.35
1.3	1.65	0.35	6540.02	35.44	36.41	36.35
1.25	1.65	0.4	6122.93	36.91	36.52	36.36
1.28	1.65	0.37	6328.81	36.17	36.43	36.35
1.28	1.65	0.36	6381.1	35.99	36.43	36.35
1.27	1.65	0.38	6250.99	36.45	36.43	36.34
1.28	1.65	0.37	6328.81	36.17	36.39	36.34
1.29	1.65	0.36	6407.38	35.9	36.39	36.34
1.27	1.65	0.38	6276.85	36.36	36.17	36.34
1.28	1.65	0.37	6302.79	36.27	36.17	36.35
1.28	1.65	0.37	6302.79	36.27	36.19	36.34
1.29	1.65	0.36	6381.1	35.99	36.25	36.34
1.27	1.65	0.38	6250.99	36.45	36.2	36.34
1.28	1.65	0.37	6328.81	36.17	36.2	36.34
1.27	1.65	0.38	6276.85	36.36	36.24	36.33
1.29	1.65	0.36	6407.38	35.9	36.18	36.32
1.28	1.65	0.37	6354.92	36.08	36.17	36.31
1.27	1.65	0.38	6276.85	36.36	36.22	36.31
1.28	1.65	0.37	6328.81	36.17	36.2	36.31
1.26	1.65	0.39	6173.91	36.73	36.25	36.31
1.27	1.65	0.38	6250.99	36.45	36.27	36.31
1.28	1.65	0.37	6302.79	36.27	36.29	36.32
1.27	1.65	0.38	6225.22	36.54	36.3	36.31
1.27	1.65	0.37	6302.79	36.27	36.31	36.3
1.26	1.65	0.39	6199.52	36.64	36.34	36.3
1.26	1.65	0.4	6122.93	36.91	36.44	36.31
1.26	1.65	0.39	6173.91	36.73	36.51	36.31
1.27	1.65	0.37	6302.79	36.27	36.5	36.31
1.28	1.65	0.37	6328.81	36.17	36.5	36.31
1.27	1.65	0.38	6250.99	36.45	36.47	36.3
1.27	1.68	0.41	6021.93	37.29	36.55	36.32
1.27	1.65	0.37	6302.79	36.27	36.55	36.32
1.28	1.65	0.36	6381.1	35.99	36.5	36.31
1.27	1.65	0.38	6276.85	36.36	36.51	36.32
1.29	1.65	0.36	6381.1	35.99	36.44	36.31
1.28	1.65	0.37	6328.81	36.17	36.37	36.31
1.27	1.65	0.38	6250.99	36.45	36.34	36.31
1.27	1.65	0.38	6276.85	36.36	36.35	36.3
1.27	1.65	0.38	6225.22	36.54	36.39	36.3
1.26	1.65	0.39	6173.91	36.73	36.41	36.3
1.28	1.65	0.37	6302.79	36.27	36.31	36.31
1.29	1.65	0.36	6433.73	35.81	36.27	36.3
1.26	1.65	0.39	6148.38	36.82	36.35	36.31
1.28	1.65	0.37	6328.81	36.17	36.33	36.32
1.27	1.65	0.38	6225.22	36.54	36.39	36.32
1.32	1.65	0.34	6593.67	35.25	36.29	36.31
1.3	1.65	0.35	6460.18	35.71	36.22	36.3
1.27	1.65	0.38	6250.99	36.45	36.23	36.3
1.24	1.65	0.42	5971.9	37.47	36.32	36.32
1.27	1.65	0.38	6276.85	36.36	36.29	36.32
1.27	1.65	0.38	6276.85	36.36	36.3	36.33
1.27	1.65	0.38	6250.99	36.45	36.36	36.32
1.28	1.66	0.39	6199.52	36.64	36.34	36.32
1.26	1.65	0.39	6199.52	36.64	36.39	36.32
1.28	1.64	0.36	6433.73	35.81	36.31	36.31
1.29	1.65	0.36	6433.73	35.81	36.37	36.3
1.27	1.65	0.38	6250.99	36.45	36.44	36.31
1.28	1.65	0.36	6381.1	35.99	36.4	36.3
1.27	1.65	0.38	6276.85	36.36	36.28	36.3
1.31	1.65	0.34	6593.67	35.25	36.17	36.29
1.28	1.65	0.37	6328.81	36.17	36.16	36.3
1.28	1.65	0.37	6328.81	36.17	36.13	36.29
1.26	1.64	0.37	6302.79	36.27	36.09	36.29
1.26	1.65	0.39	6173.91	36.73	36.1	36.3
1.29	1.65	0.36	6433.73	35.81	36.1	36.3
1.28	1.65	0.37	6328.81	36.17	36.14	36.3
1.25	1.65	0.39	6148.38	36.82	36.17	36.31
1.23	1.65	0.42	5947	37.57	36.33	36.32
1.27	1.64	0.37	6354.92	36.08	36.3	36.32
1.25	1.65	0.4	6122.93	36.91	36.47	36.33
1.28	1.65	0.37	6328.81	36.17	36.47	36.33
1.28	1.65	0.37	6328.81	36.17	36.47	36.33
1.28	1.65	0.37	6302.79	36.27	36.47	36.33
1.26	1.65	0.39	6199.52	36.64	36.46	36.34
1.28	1.65	0.37	6354.92	36.08	36.49	36.34
1.26	1.65	0.39	6173.91	36.73	36.54	36.34
1.28	1.65	0.37	6302.79	36.27	36.49	36.35
1.29	1.65	0.36	6407.38	35.9	36.32	36.34
1.31	1.65	0.34	6593.67	35.25	36.24	36.33
1.26	1.65	0.39	6173.91	36.73	36.22	36.33
1.27	1.65	0.38	6276.85	36.36	36.24	36.34
1.27	1.65	0.38	6225.22	36.54	36.28	36.34
1.27	1.66	0.39	6199.52	36.64	36.31	36.34
1.27	1.68	0.41	6047.06	37.19	36.37	36.34
1.3	1.65	0.35	6513.32	35.53	36.31	36.34
1.28	1.65	0.37	6354.92	36.08	36.25	36.33
1.27	1.65	0.38	6250.99	36.45	36.27	36.34
1.26	1.65	0.39	6199.52	36.64	36.34	36.34
1.26	1.65	0.39	6199.52	36.64	36.48	36.34
1.28	1.65	0.37	6302.79	36.27	36.43	36.35
1.28	1.65	0.37	6328.81	36.17	36.41	36.34
1.25	1.65	0.41	6047.06	37.19	36.48	36.35
1.27	1.65	0.38	6250.99	36.45	36.46	36.35
1.29	1.65	0.36	6433.73	35.81	36.32	36.34
1.26	1.65	0.39	6148.38	36.82	36.45	36.35
1.27	1.65	0.38	6276.85	36.36	36.48	36.35
1.27	1.65	0.38	6276.85	36.36	36.47	36.35
1.27	1.65	0.38	6250.99	36.45	36.45	36.35
1.25	1.65	0.41	6047.06	37.19	36.51	36.34
1.29	1.65	0.36	6407.38	35.9	36.47	36.34
1.27	1.65	0.37	6302.79	36.27	36.48	36.34
1.27	1.65	0.38	6250.99	36.45	36.41	36.35
1.27	1.65	0.38	6276.85	36.36	36.4	36.34
1.27	1.65	0.37	6302.79	36.27	36.44	36.34
1.3	1.65	0.35	6513.32	35.53	36.31	36.34
1.27	1.65	0.38	6250.99	36.45	36.32	36.34
1.28	1.65	0.37	6328.81	36.17	36.3	36.34
1.53	1.65	0.12	8650.87	29.1	35.57	36.27
1.29	1.65	0.35	6460.18	35.71	35.42	36.26
1.25	1.65	0.4	6097.56	37.01	35.53	36.27
1.26	1.65	0.39	6173.91	36.73	35.58	36.28
1.28	1.65	0.37	6328.81	36.17	35.55	36.28
1.27	1.65	0.39	6199.52	36.64	35.58	36.28
1.26	1.65	0.38	6225.22	36.54	35.61	36.28
1.26	1.65	0.39	6199.52	36.64	35.72	36.29
1.26	1.65	0.39	6173.91	36.73	35.74	36.29
1.27	1.65	0.38	6250.99	36.45	35.77	36.3
1.24	1.65	0.41	6021.93	37.29	36.59	36.31
1.26	1.65	0.39	6199.52	36.64	36.68	36.31
1.31	1.65	0.34	6593.67	35.25	36.51	36.3
1.29	1.65	0.36	6381.1	35.99	36.43	36.29
1.28	1.65	0.37	6354.92	36.08	36.42	36.29
1.29	1.65	0.36	6407.38	35.9	36.35	36.28
1.27	1.65	0.38	6250.99	36.45	36.34	36.29
1.28	1.65	0.37	6328.81	36.17	36.29	36.28
1.26	1.65	0.39	6199.52	36.64	36.29	36.28
1.27	1.65	0.38	6276.85	36.36	36.28	36.28
1.28	1.65	0.36	6381.1	35.99	36.15	36.27
1.3	1.65	0.35	6540.02	35.44	36.03	36.27
1.27	1.65	0.38	6225.22	36.54	36.16	36.27
1.28	1.65	0.37	6354.92	36.08	36.17	36.25
1.28	1.65	0.37	6328.81	36.17	36.17	36.25
1.3	1.65	0.35	6513.32	35.53	36.14	36.25
1.28	1.65	0.36	6381.1	35.99	36.09	36.25
1.25	1.65	0.4	6097.56	37.01	36.17	36.26
1.29	1.65	0.36	6381.1	35.99	36.11	36.25
1.28	1.65	0.37	6354.92	36.08	36.08	36.25
1.27	1.65	0.38	6250.99	36.45	36.13	36.25
1.27	1.65	0.38	6250.99	36.45	36.23	36.25
1.28	1.65	0.37	6302.79	36.27	36.2	36.25
1.27	1.65	0.38	6250.99	36.45	36.24	36.25
1.26	1.67	0.41	6047.06	37.19	36.34	36.26
1.25	1.65	0.41	6047.06	37.19	36.51	36.26
1.26	1.65	0.38	6225.22	36.54	36.56	36.27
1.27	1.65	0.38	6250.99	36.45	36.51	36.27
1.27	1.66	0.39	6173.91	36.73	36.58	36.28
1.24	1.65	0.42	5947	37.57	36.73	36.3
1.28	1.61	0.34	6620.63	35.16	36.6	36.29
1.28	1.65	0.37	6354.92	36.08	36.56	36.27
1.27	1.65	0.37	6302.79	36.27	36.56	36.27
1.27	1.65	0.37	6302.79	36.27	36.55	36.27
1.26	1.65	0.39	6173.91	36.73	36.5	36.27
1.26	1.65	0.39	6148.38	36.82	36.46	36.28
1.26	1.65	0.39	6199.52	36.64	36.47	36.28
1.29	1.65	0.36	6381.1	35.99	36.42	36.28
1.26	1.65	0.39	6173.91	36.73	36.42	36.29
1.29	1.65	0.36	6407.38	35.9	36.26	36.28
1.27	1.65	0.38	6276.85	36.36	36.38	36.29
1.28	1.65	0.37	6328.81	36.17	36.39	36.28
1.27	1.65	0.38	6225.22	36.54	36.41	36.3
1.26	1.65	0.39	6173.91	36.73	36.46	36.3
1.27	1.65	0.38	6250.99	36.45	36.43	36.31
1.25	1.65	0.4	6122.93	36.91	36.44	36.31
1.28	1.65	0.37	6328.81	36.17	36.4	36.31
1.27	1.65	0.37	6302.79	36.27	36.42	36.31
1.25	1.65	0.41	6047.06	37.19	36.47	36.32
1.28	1.65	0.37	6354.92	36.08	36.49	36.31
1.27	1.67	0.4	6072.27	37.1	36.56	36.31
1.27	1.65	0.38	6250.99	36.45	36.59	36.31
1.27	1.65	0.38	6250.99	36.45	36.58	36.31
1.28	1.66	0.38	6250.99	36.45	36.55	36.31
1.28	1.65	0.37	6328.81	36.17	36.53	36.31
1.28	1.65	0.37	6354.92	36.08	36.44	36.31
1.3	1.65	0.35	6460.18	35.71	36.4	36.3
1.28	1.65	0.37	6328.81	36.17	36.39	36.3
1.27	1.65	0.38	6250.99	36.45	36.31	36.3
1.28	1.65	0.38	6276.85	36.36	36.34	36.3
1.29	1.65	0.36	6433.73	35.81	36.21	36.3
1.27	1.65	0.37	6302.79	36.27	36.19	36.31
1.28	1.65	0.37	6354.92	36.08	36.16	36.3
1.25	1.65	0.4	6072.27	37.1	36.22	36.31
1.28	1.65	0.37	6328.81	36.17	36.22	36.31
1.27	1.65	0.37	6302.79	36.27	36.24	36.3
1.27	1.65	0.37	6328.81	36.17	36.29	36.29
1.29	1.65	0.36	6407.38	35.9	36.26	36.3
1.28	1.65	0.37	6328.81	36.17	36.23	36.3
1.13	1.65	0.52	5189.31	40.59	36.65	36.34
1.28	1.65	0.37	6354.92	36.08	36.68	36.33
1.27	1.65	0.38	6250.99	36.45	36.7	36.33
1.28	1.65	0.37	6354.92	36.08	36.7	36.33
1.26	1.66	0.4	6072.27	37.1	36.7	36.34
1.25	1.64	0.39	6148.38	36.82	36.76	36.33
1.28	1.65	0.37	6328.81	36.17	36.75	36.33
1.28	1.65	0.37	6328.81	36.17	36.75	36.33
1.27	1.65	0.38	6276.85	36.36	36.8	36.33
1.27	1.65	0.38	6225.22	36.54	36.84	36.33
1.27	1.65	0.38	6225.22	36.54	36.43	36.33
1.28	1.65	0.36	6381.1	35.99	36.42	36.33
1.27	1.65	0.38	6250.99	36.45	36.42	36.32
1.23	1.65	0.42	5922.18	37.66	36.58	36.34
1.27	1.65	0.38	6225.22	36.54	36.53	36.34
1.28	1.63	0.34	6566.8	35.35	36.38	36.33
1.29	1.65	0.36	6381.1	35.99	36.36	36.33
1.26	1.65	0.39	6199.52	36.64	36.41	36.33
1.27	1.65	0.38	6276.85	36.36	36.41	36.34
1.29	1.65	0.35	6460.18	35.71	36.32	36.33
1.28	1.65	0.37	6328.81	36.17	36.29	36.33
1.27	1.65	0.38	6276.85	36.36	36.32	36.4
1.28	1.65	0.37	6328.81	36.17	36.3	36.41
1.28	1.65	0.36	6381.1	35.99	36.13	36.4
1.28	1.65	0.37	6354.92	36.08	36.08	36.39
1.28	1.64	0.36	6433.73	35.81	36.13	36.39
1.3	1.65	0.35	6513.32	35.53	36.08	36.38
1.26	1.65	0.38	6225.22	36.54	36.07	36.38
1.26	1.65	0.39	6173.91	36.73	36.11	36.38
1.29	1.65	0.36	6381.1	35.99	36.14	36.37
1.27	1.65	0.38	6250.99	36.45	36.17	36.37
1.26	1.65	0.39	6199.52	36.64	36.19	36.36
1.27	1.65	0.38	6225.22	36.54	36.23	36.36
1.28	1.65	0.37	6302.79	36.27	36.26	36.37
1.28	1.65	0.37	6354.92	36.08	36.26	36.37
1.29	1.65	0.36	6381.1	35.99	36.28	36.37
1.28	1.65	0.37	6328.81	36.17	36.34	36.38
1.27	1.65	0.38	6276.85	36.36	36.32	36.38
1.28	1.65	0.37	6354.92	36.08	36.26	36.37
1.22	1.65	0.43	5897.44	37.75	36.43	36.39
1.27	1.65	0.38	6225.22	36.54	36.44	36.39
1.26	1.65	0.39	6173.91	36.73	36.45	36.4
1.29	1.65	0.36	6433.73	35.81	36.38	36.4
1.27	1.65	0.38	6276.85	36.36	36.39	36.4
1.27	1.65	0.38	6276.85	36.36	36.42	36.4
1.26	1.65	0.39	6148.38	36.82	36.5	36.41
1.28	1.67	0.39	6199.52	36.64	36.54	36.42
1.25	1.66	0.4	6072.27	37.1	36.62	36.43
1.29	1.65	0.36	6407.38	35.9	36.6	36.42
1.26	1.65	0.39	6173.91	36.73	36.5	36.42
1.27	1.65	0.37	6302.79	36.27	36.47	36.43
1.27	1.65	0.38	6276.85	36.36	36.43	36.43
1.28	1.65	0.37	6328.81	36.17	36.47	36.42
1.26	1.65	0.39	6173.91	36.73	36.51	36.43
1.26	1.65	0.39	6173.91	36.73	36.54	36.43
1.29	1.65	0.36	6433.73	35.81	36.44	36.42
1.26	1.65	0.38	6225.22	36.54	36.43	36.41
1.33	1.65	0.32	6756.76	34.7	36.19	36.39
1.29	1.65	0.36	6407.38	35.9	36.19	36.39
1.28	1.64	0.36	6407.38	35.9	36.11	36.38
1.27	1.65	0.38	6276.85	36.36	36.12	36.37
1.24	1.65	0.41	6047.06	37.19	36.2	36.39
1.27	1.65	0.38	6225.22	36.54	36.24	36.39
1.26	1.65	0.39	6199.52	36.64	36.23	36.39
1.28	1.65	0.37	6328.81	36.17	36.18	36.39
1.27	1.65	0.38	6250.99	36.45	36.24	36.39
1.26	1.65	0.39	6173.91	36.73	36.26	36.39
1.28	1.65	0.37	6354.92	36.08	36.4	36.38
1.27	1.65	0.38	6276.85	36.36	36.44	36.39
1.28	1.65	0.37	6354.92	36.08	36.46	36.38
1.27	1.65	0.37	6302.79	36.27	36.45	36.38
1.27	1.65	0.38	6225.22	36.54	36.39	36.39
1.26	1.65	0.39	6199.52	36.64	36.4	36.39
1.29	1.65	0.36	6381.1	35.99	36.33	36.39
1.28	1.65	0.38	6276.85	36.36	36.35	36.38
1.28	1.66	0.38	6225.22	36.54	36.36	36.38
1.25	1.65	0.4	6097.56	37.01	36.39	36.38
1.26	1.65	0.38	6225.22	36.54	36.43	36.39
1.28	1.65	0.37	6354.92	36.08	36.41	36.39
1.31	1.65	0.34	6593.67	35.25	36.32	36.37
1.27	1.65	0.38	6276.85	36.36	36.33	36.37
1.27	1.65	0.38	6250.99	36.45	36.32	36.36
1.27	1.65	0.37	6302.79	36.27	36.29	36.36
1.27	1.65	0.38	6250.99	36.45	36.33	36.36
1.27	1.65	0.37	6302.79	36.27	36.32	36.36
1.27	1.65	0.38	6250.99	36.45	36.31	36.36
1.27	1.65	0.38	6225.22	36.54	36.27	36.37
1.3	1.65	0.35	6513.32	35.53	36.17	36.36
1.27	1.65	0.38	6276.85	36.36	36.19	36.37
1.28	1.65	0.37	6302.79	36.27	36.29	36.36
1.28	1.65	0.38	6276.85	36.36	36.29	36.36
1.27	1.65	0.38	6250.99	36.45	36.29	36.37
1.25	1.65	0.39	6148.38	36.82	36.35	36.38
1.27	1.65	0.38	6225.22	36.54	36.36	36.38
1.27	1.65	0.38	6250.99	36.45	36.38	36.37
1.29	1.65	0.36	6433.73	35.81	36.31	36.37
1.27	1.65	0.38	6250.99	36.45	36.3	36.37
1.27	1.65	0.38	6250.99	36.45	36.4	36.38
1.27	1.65	0.38	6250.99	36.45	36.41	36.38
1.3	1.65	0.35	6513.32	35.53	36.33	36.37
1.27	1.65	0.38	6276.85	36.36	36.33	36.33
1.27	1.64	0.37	6354.92	36.08	36.29	36.33
1.27	1.65	0.38	6225.22	36.54	36.27	36.33
1.28	1.65	0.37	6328.81	36.17	36.23	36.33
1.27	1.65	0.38	6276.85	36.36	36.22	36.33
1.27	1.65	0.38	6225.22	36.54	36.29	36.32
1.27	1.65	0.38	6276.85	36.36	36.28	36.33
1.27	1.65	0.38	6250.99	36.45	36.28	36.33
1.27	1.65	0.38	6276.85	36.36	36.28	36.33
1.27	1.65	0.38	6225.22	36.54	36.38	36.33
1.28	1.65	0.37	6302.79	36.27	36.37	36.33
1.26	1.65	0.39	6199.52	36.64	36.42	36.33
1.28	1.65	0.37	6328.81	36.17	36.39	36.33
1.27	1.65	0.38	6225.22	36.54	36.42	36.32
1.26	1.65	0.39	6173.91	36.73	36.46	36.32
1.28	1.65	0.37	6354.92	36.08	36.41	36.33
1.27	1.65	0.38	6225.22	36.54	36.43	36.33
1.27	1.65	0.38	6250.99	36.45	36.43	36.33
1.3	1.65	0.35	6460.18	35.71	36.37	36.32
1.27	1.65	0.38	6225.22	36.54	36.37	36.33
1.27	1.65	0.38	6225.22	36.54	36.4	36.34
1.27	1.65	0.38	6276.85	36.36	36.37	36.34
1.31	1.65	0.34	6566.8	35.35	36.29	36.33
1.26	1.65	0.39	6173.91	36.73	36.3	36.34
1.28	1.65	0.37	6328.81	36.17	36.25	36.34
1.27	1.65	0.37	6302.79	36.27	36.27	36.34
1.26	1.65	0.39	6199.52	36.64	36.28	36.35
1.27	1.65	0.39	6199.52	36.64	36.29	36.35
1.27	1.65	0.38	6250.99	36.45	36.37	36.35
1.28	1.65	0.37	6302.79	36.27	36.34	36.35
1.44	1.65	0.22	7683.66	31.8	35.87	36.31
1.25	1.65	0.41	6047.06	37.19	35.95	36.31
1.28	1.65	0.37	6328.81	36.17	36.03	36.31
1.27	1.65	0.38	6250.99	36.45	36	36.31
1.24	1.65	0.41	5996.87	37.38	36.13	36.32
1.27	1.65	0.38	6276.85	36.36	36.13	36.33
1.26	1.65	0.39	6173.91	36.73	36.14	36.33
1.29	1.65	0.36	6433.73	35.81	36.06	36.33
1.25	1.66	0.42	5971.9	37.47	36.16	36.34
1.31	1.65	0.34	6566.8	35.35	36.07	36.32
1.26	1.65	0.39	6148.38	36.82	36.57	36.32
1.24	1.67	0.43	5848.18	37.94	36.65	36.33
1.27	1.65	0.38	6225.22	36.54	36.68	36.34
1.28	1.64	0.36	6381.1	35.99	36.64	36.34
1.28	1.65	0.37	6354.92	36.08	36.51	36.33
1.28	1.65	0.37	6302.79	36.27	36.5	36.33
1.27	1.65	0.38	6250.99	36.45	36.47	36.33
1.28	1.65	0.37	6302.79	36.27	36.52	36.32
1.28	1.65	0.37	6328.81	36.17	36.39	36.32
1.27	1.65	0.38	6250.99	36.45	36.5	36.32
1.28	1.65	0.37	6354.92	36.08	36.42	36.32
1.27	1.65	0.39	6199.52	36.64	36.29	36.32
1.27	1.65	0.38	6225.22	36.54	36.29	36.32
1.35	1.65	0.3	6895.13	34.25	36.12	36.3
1.28	1.65	0.37	6354.92	36.08	36.12	36.29
1.27	1.65	0.38	6250.99	36.45	36.14	36.3
1.3	1.65	0.35	6513.32	35.53	36.05	36.29
1.27	1.65	0.38	6250.99	36.45	36.06	36.3
1.27	1.66	0.39	6173.91	36.73	36.12	36.31
1.25	1.65	0.4	6097.56	37.01	36.18	36.32
1.28	1.65	0.37	6328.81	36.17	36.18	36.32
1.26	1.66	0.41	6047.06	37.19	36.24	36.32
1.27	1.65	0.38	6276.85	36.36	36.22	36.32
1.28	1.66	0.38	6276.85	36.36	36.43	36.32
1.27	1.65	0.38	6250.99	36.45	36.47	36.32
1.27	1.65	0.38	6250.99	36.45	36.47	36.32
1.27	1.65	0.38	6276.85	36.36	36.55	36.32
1.29	1.65	0.36	6407.38	35.9	36.5	36.31
1.25	1.65	0.4	6072.27	37.1	36.53	36.32
1.3	1.65	0.35	6460.18	35.71	36.41	36.32
1.26	1.65	0.38	6225.22	36.54	36.44	36.32
1.26	1.65	0.39	6199.52	36.64	36.39	36.32
1.27	1.65	0.37	6302.79	36.27	36.38	36.32
1.26	1.65	0.39	6173.91	36.73	36.41	36.33
1.28	1.65	0.37	6302.79	36.27	36.4	36.32
1.26	1.65	0.39	6173.91	36.73	36.42	36.33
1.29	1.65	0.35	6486.7	35.62	36.35	36.31
1.27	1.65	0.38	6250.99	36.45	36.41	36.31
1.28	1.65	0.37	6328.81	36.17	36.31	36.31
1.28	1.67	0.39	6148.38	36.82	36.42	36.33
1.27	1.65	0.37	6302.79	36.27	36.4	36.33
1.29	1.65	0.36	6433.73	35.81	36.31	36.32
1.27	1.65	0.38	6276.85	36.36	36.32	36.32
1.27	1.65	0.38	6225.22	36.54	36.3	36.32
1.25	1.65	0.4	6097.56	37.01	36.38	36.33
1.27	1.65	0.38	6276.85	36.36	36.34	36.33
1.27	1.65	0.38	6250.99	36.45	36.42	36.33
1.27	1.65	0.38	6250.99	36.45	36.42	36.34
1.27	1.65	0.38	6276.85	36.36	36.44	36.34
1.27	1.65	0.38	6250.99	36.45	36.41	36.34
1.27	1.65	0.38	6225.22	36.54	36.43	36.34
1.28	1.65	0.37	6328.81	36.17	36.47	36.34
1.31	1.65	0.34	6593.67	35.25	36.36	36.32
1.27	1.65	0.37	6302.79	36.27	36.33	36.32
1.27	1.65	0.38	6250.99	36.45	36.28	36.32
1.3	1.65	0.35	6513.32	35.53	36.19	36.32
1.25	1.65	0.39	6148.38	36.82	36.23	36.32
1.28	1.65	0.37	6354.92	36.08	36.19	36.32
1.25	1.65	0.4	6097.56	37.01	36.26	36.32
1.29	1.65	0.36	6381.1	35.99	36.21	36.33
1.27	1.65	0.38	6225.22	36.54	36.21	36.33
1.27	1.65	0.38	6276.85	36.36	36.23	36.33
1.27	1.65	0.38	6250.99	36.45	36.35	36.33
1.28	1.65	0.37	6302.79	36.27	36.35	36.33
1.3	1.65	0.35	6486.7	35.62	36.27	36.32
1.29	1.65	0.36	6433.73	35.81	36.29	36.32
1.28	1.65	0.37	6354.92	36.08	36.22	36.31
1.25	1.65	0.39	6148.38	36.82	36.29	36.32
1.34	1.65	0.31	6867.27	34.34	36.03	36.3
1.27	1.65	0.38	6225.22	36.54	36.08	36.3
1.26	1.65	0.39	6148.38	36.82	36.11	36.3
1.27	1.65	0.38	6276.85	36.36	36.11	36.3
1.27	1.65	0.38	6276.85	36.36	36.1	36.3
1.29	1.65	0.35	6460.18	35.71	36.05	36.29
1.25	1.65	0.41	6047.06	37.19	36.2	36.3
1.27	1.65	0.37	6302.79	36.27	36.25	36.3
1.27	1.65	0.39	6199.52	36.64	36.31	36.3
1.24	1.64	0.4	6072.27	37.1	36.33	36.31
1.29	1.65	0.36	6433.73	35.81	36.48	36.31
1.27	1.65	0.38	6276.85	36.36	36.46	36.31
1.27	1.65	0.38	6250.99	36.45	36.42	36.31
1.27	1.65	0.38	6250.99	36.45	36.43	36.31
1.28	1.65	0.37	6302.79	36.27	36.42	36.32
1.23	1.65	0.42	5922.18	37.66	36.62	36.33
1.33	1.65	0.33	6702.04	34.89	36.39	36.31
1.27	1.65	0.38	6225.22	36.54	36.42	36.32
1.25	1.65	0.4	6122.93	36.91	36.44	36.32
1.27	1.65	0.38	6225.22	36.54	36.39	36.32
1.25	1.65	0.4	6072.27	37.1	36.52	36.32
1.27	1.65	0.38	6250.99	36.45	36.53	36.33
1.28	1.65	0.36	6381.1	35.99	36.48	36.37
1.31	1.65	0.34	6593.67	35.25	36.36	36.35
1.25	1.65	0.39	6173.91	36.73	36.41	36.35
1.25	1.65	0.4	6122.93	36.91	36.33	36.36
1.29	1.65	0.36	6381.1	35.99	36.44	36.34
1.28	1.65	0.37	6354.92	36.08	36.4	36.34
1.26	1.65	0.39	6199.52	36.64	36.37	36.34
1.26	1.65	0.39	6148.38	36.82	36.4	36.35
1.34	1.65	0.32	6784.25	34.61	36.15	36.32
1.25	1.65	0.41	6047.06	37.19	36.22	36.34
1.29	1.65	0.37	6354.92	36.08	36.23	36.33
1.28	1.65	0.37	6328.81	36.17	36.32	36.32
1.25	1.65	0.4	6072.27	37.1	36.36	36.32
1.26	1.65	0.39	6199.52	36.64	36.33	36.33
1.28	1.65	0.37	6354.92	36.08	36.34	36.33
1.28	1.65	0.37	6354.92	36.08	36.34	36.33
1.26	1.65	0.39	6148.38	36.82	36.36	36.33
1.27	1.65	0.38	6250.99	36.45	36.32	36.33
1.26	1.65	0.39	6173.91	36.73	36.53	36.34
1.26	1.65	0.39	6173.91	36.73	36.49	36.34
1.29	1.65	0.36	6407.38	35.9	36.47	36.34
1.27	1.65	0.38	6250.99	36.45	36.5	36.34
1.28	1.65	0.36	6381.1	35.99	36.39	36.33
1.27	1.65	0.37	6302.79	36.27	36.35	36.35
1.27	1.65	0.38	6276.85	36.36	36.38	36.35
1.28	1.65	0.37	6354.92	36.08	36.38	36.35
1.28	1.65	0.36	6381.1	35.99	36.29	36.35
1.27	1.65	0.37	6328.81	36.17	36.27	36.35
1.27	1.65	0.38	6250.99	36.45	36.24	36.35
1.28	1.65	0.37	6354.92	36.08	36.17	36.34
1.28	1.65	0.37	6302.79	36.27	36.21	36.34
1.25	1.65	0.4	6097.56	37.01	36.27	36.34
1.28	1.65	0.37	6302.79	36.27	36.29	36.34
1.28	1.65	0.37	6354.92	36.08	36.28	36.34
1.29	1.65	0.36	6433.73	35.81	36.22	36.33
1.26	1.65	0.39	6173.91	36.73	36.29	36.33
1.26	1.65	0.39	6199.52	36.64	36.35	36.33
1.27	1.65	0.39	6199.52	36.64	36.4	36.34
1.26	1.65	0.39	6199.52	36.64	36.41	36.34
1.27	1.65	0.38	6276.85	36.36	36.44	36.34
1.26	1.65	0.39	6173.91	36.73	36.49	36.35
1.3	1.65	0.35	6513.32	35.53	36.34	36.33
1.27	1.65	0.38	6225.22	36.54	36.37	36.34
1.26	1.65	0.39	6173.91	36.73	36.43	36.34
1.28	1.65	0.37	6302.79	36.27	36.48	36.34
1.28	1.65	0.37	6354.92	36.08	36.41	36.33
1.26	1.65	0.39	6199.52	36.64	36.41	36.34
1.27	1.65	0.38	6250.99	36.45	36.4	36.34
1.29	1.65	0.36	6407.38	35.9	36.32	36.34
1.26	1.65	0.39	6199.52	36.64	36.35	36.34
1.25	1.65	0.41	6047.06	37.19	36.4	36.35
1.27	1.65	0.38	6250.99	36.45	36.49	36.35
1.27	1.65	0.38	6276.85	36.36	36.47	36.35
1.27	1.65	0.37	6302.79	36.27	36.42	36.35
1.28	1.65	0.37	6328.81	36.17	36.41	36.34
1.25	1.65	0.39	6148.38	36.82	36.49	36.35
1.27	1.66	0.39	6173.91	36.73	36.5	36.35
1.28	1.65	0.36	6407.38	35.9	36.44	36.34
1.29	1.66	0.37	6328.81	36.17	36.47	36.34
1.24	1.65	0.41	6047.06	37.19	36.53	36.35
1.27	1.65	0.38	6225.22	36.54	36.46	36.35
1.27	1.65	0.39	6199.52	36.64	36.48	36.35
1.27	1.65	0.38	6276.85	36.36	36.48	36.36
1.26	1.65	0.39	6199.52	36.64	36.52	36.37
1.26	1.65	0.39	6173.91	36.73	36.57	36.37
1.25	1.65	0.4	6097.56	37.01	36.59	36.39
1.29	1.65	0.36	6407.38	35.9	36.51	36.38
0.85	1.65	0.81	3434.01	49.55	37.87	36.51
1.27	1.65	0.38	6250.99	36.45	37.9	36.51
1.28	1.65	0.37	6302.79	36.27	37.81	36.51
1.27	1.65	0.38	6225.22	36.54	37.81	36.51
1.28	1.65	0.37	6302.79	36.27	37.77	36.51
1.28	1.65	0.37	6328.81	36.17	37.75	36.5
1.24	1.65	0.42	5971.9	37.47	37.84	36.52
1.28	1.65	0.37	6354.92	36.08	37.77	36.52
1.28	1.65	0.37	6302.79	36.27	37.7	36.53
1.26	1.66	0.4	6097.56	37.01	37.81	36.53
1.27	1.65	0.38	6276.85	36.36	36.49	36.53
1.26	1.65	0.39	6173.91	36.73	36.52	36.55
1.27	1.65	0.38	6276.85	36.36	36.53	36.55
1.23	1.65	0.42	5971.9	37.47	36.62	36.56
1.28	1.65	0.37	6328.81	36.17	36.61	36.56
1.27	1.65	0.38	6276.85	36.36	36.63	36.56
1.28	1.65	0.37	6302.79	36.27	36.51	36.56
1.26	1.65	0.39	6199.52	36.64	36.56	36.56
1.26	1.65	0.39	6199.52	36.64	36.6	36.56
1.26	1.65	0.4	6122.93	36.91	36.59	36.56
1.28	1.65	0.37	6328.81	36.17	36.57	36.55
1.27	1.65	0.37	6302.79	36.27	36.53	36.56
1.27	1.64	0.37	6328.81	36.17	36.51	36.56
1.26	1.65	0.38	6225.22	36.54	36.41	36.56
1.28	1.65	0.37	6302.79	36.27	36.42	36.56
1.28	1.65	0.37	6354.92	36.08	36.4	36.55
1.27	1.65	0.38	6250.99	36.45	36.41	36.54
1.27	1.65	0.37	6302.79	36.27	36.38	36.56
1.26	1.65	0.39	6173.91	36.73	36.39	36.56
1.27	1.65	0.38	6225.22	36.54	36.35	36.55
1.28	1.65	0.37	6328.81	36.17	36.35	36.55
1.25	1.65	0.4	6097.56	37.01	36.42	36.55
1.27	1.65	0.38	6276.85	36.36	36.44	36.55
1.28	1.65	0.37	6302.79	36.27	36.41	36.55
1.27	1.65	0.38	6250.99	36.45	36.43	36.56
1.25	1.63	0.38	6276.85	36.36	36.46	36.56
1.28	1.63	0.35	6460.18	35.71	36.39	36.55
1.27	1.65	0.38	6250.99	36.45	36.41	36.55
1.27	1.65	0.38	6225.22	36.54	36.39	36.56
1.29	1.65	0.35	6460.18	35.71	36.3	36.55
1.28	1.65	0.37	6354.92	36.08	36.29	36.54
1.28	1.65	0.37	6328.81	36.17	36.21	36.56
1.25	1.65	0.41	6047.06	37.19	36.29	36.56
1.26	1.65	0.39	6173.91	36.73	36.34	36.56
1.28	1.65	0.37	6328.81	36.17	36.31	36.56
1.24	1.67	0.43	5848.18	37.94	36.47	36.57
1.27	1.65	0.38	6250.99	36.45	36.54	36.57
1.26	1.65	0.39	6199.52	36.64	36.56	36.57
1.26	1.65	0.39	6173.91	36.73	36.58	36.58
1.27	1.65	0.38	6250.99	36.45	36.66	36.58
1.15	1.65	0.5	5348.84	39.92	37.04	36.61
1.28	1.65	0.37	6302.79	36.27	37.05	36.61
1.27	1.65	0.39	6199.52	36.64	36.99	36.61
1.29	1.65	0.36	6433.73	35.81	36.9	36.61
1.28	1.65	0.37	6302.79	36.27	36.91	36.6
1.27	1.65	0.38	6225.22	36.54	36.77	36.61
1.26	1.65	0.39	6199.52	36.64	36.79	36.61
1.26	1.65	0.39	6199.52	36.64	36.79	36.62
1.25	1.65	0.41	6047.06	37.19	36.84	36.63
1.26	1.65	0.39	6199.52	36.64	36.85	36.63
1.28	1.65	0.36	6381.1	35.99	36.46	36.63
1.29	1.65	0.35	6486.7	35.62	36.4	36.62
1.36	1.65	0.29	6979.25	33.97	36.13	36.6
1.28	1.65	0.37	6354.92	36.08	36.16	36.6
1.31	1.65	0.34	6593.67	35.25	36.06	36.58
1.28	1.65	0.37	6354.92	36.08	36.01	36.58
1.28	1.65	0.37	6354.92	36.08	35.95	36.58
1.27	1.65	0.38	6225.22	36.54	35.95	36.59
1.25	1.65	0.4	6097.56	37.01	35.93	36.59
1.28	1.65	0.36	6381.1	35.99	35.86	36.58
1.27	1.65	0.38	6250.99	36.45	35.91	36.58
1.28	1.65	0.37	6328.81	36.17	35.96	36.58
1.27	1.65	0.39	6199.52	36.64	36.23	36.58
1.27	1.65	0.37	6328.81	36.17	36.24	36.57
1.27	1.65	0.38	6250.99	36.45	36.36	36.58
1.27	1.66	0.4	6122.93	36.91	36.44	36.59
1.25	1.65	0.39	6148.38	36.82	36.52	36.59
1.26	1.65	0.39	6173.91	36.73	36.53	36.59
1.24	1.65	0.41	6021.93	37.29	36.56	36.61
1.28	1.65	0.37	6354.92	36.08	36.57	36.6
1.28	1.65	0.37	6354.92	36.08	36.53	36.6
1.27	1.65	0.38	6276.85	36.36	36.55	36.6
1.27	1.65	0.37	6302.79	36.27	36.52	36.6
1.29	1.65	0.36	6381.1	35.99	36.5	36.59
1.27	1.65	0.38	6250.99	36.45	36.5	36.59
1.26	1.65	0.39	6199.52	36.64	36.47	36.59
1.27	1.65	0.38	6250.99	36.45	36.43	36.59
1.28	1.65	0.37	6302.79	36.27	36.39	36.59
1.27	1.65	0.38	6250.99	36.45	36.3	36.59
1.34	1.65	0.31	6867.27	34.34	36.13	36.56
1.29	1.65	0.36	6381.1	35.99	36.12	36.56
1.25	1.65	0.4	6122.93	36.91	36.18	36.57
1.28	1.66	0.38	6276.85	36.36	36.18	36.56
1.27	1.65	0.38	6225.22	36.54	36.24	36.56
1.25	1.65	0.4	6122.93	36.91	36.29	36.57
1.28	1.65	0.36	6381.1	35.99	36.22	36.56
1.23	1.65	0.42	5947	37.57	36.33	36.57
1.27	1.65	0.38	6225.22	36.54	36.36	36.57
1.26	1.65	0.39	6173.91	36.73	36.39	36.57
1.27	1.65	0.37	6302.79	36.27	36.58	36.57
1.28	1.66	0.38	6250.99	36.45	36.63	36.44
1.26	1.65	0.39	6199.52	36.64	36.6	36.44
1.23	1.67	0.44	5823.67	38.03	36.77	36.46
1.26	1.65	0.39	6199.52	36.64	36.78	36.46
1.28	1.65	0.37	6354.92	36.08	36.69	36.46
1.26	1.65	0.39	6173.91	36.73	36.77	36.46
1.31	1.65	0.35	6513.32	35.53	36.56	36.44
1.29	1.65	0.35	6486.7	35.62	36.47	36.44
1.28	1.65	0.36	6407.38	35.9	36.39	36.44
1.27	1.65	0.38	6225.22	36.54	36.42	36.43
1.25	1.65	0.4	6122.93	36.91	36.46	36.44
1.27	1.65	0.38	6250.99	36.45	36.44	36.43
1.27	1.65	0.37	6302.79	36.27	36.27	36.43
1.27	1.65	0.38	6250.99	36.45	36.25	36.42
1.26	1.65	0.39	6173.91	36.73	36.31	36.43
1.27	1.65	0.37	6302.79	36.27	36.27	36.43
1.25	1.65	0.4	6072.27	37.1	36.42	36.44
1.27	1.65	0.38	6250.99	36.45	36.51	36.43
1.27	1.65	0.38	6250.99	36.45	36.56	36.43
1.27	1.65	0.38	6250.99	36.45	36.55	36.43
1.29	1.65	0.36	6381.1	35.99	36.46	36.43
1.27	1.65	0.37	6302.79	36.27	36.44	36.43
1.25	1.65	0.4	6072.27	37.1	36.53	36.44
1.27	1.65	0.38	6250.99	36.45	36.53	36.43
1.29	1.65	0.36	6407.38	35.9	36.44	36.43
1.26	1.65	0.39	6199.52	36.64	36.48	36.44
1.28	1.65	0.36	6381.1	35.99	36.37	36.43
1.23	1.65	0.42	5922.18	37.66	36.49	36.45
1.26	1.65	0.39	6148.38	36.82	36.53	36.45
1.3	1.65	0.35	6513.32	35.53	36.43	36.44
1.27	1.65	0.37	6302.79	36.27	36.46	36.44
1.27	1.65	0.37	6302.79	36.27	36.46	36.43
1.27	1.65	0.38	6250.99	36.45	36.4	36.43
1.26	1.65	0.4	6122.93	36.91	36.44	36.44
1.27	1.65	0.38	6276.85	36.36	36.49	36.44
1.28	1.66	0.38	6250.99	36.45	36.47	36.44
1.3	1.65	0.35	6486.71	35.62	36.43	36.44
1.28	1.65	0.37	6302.79	36.27	36.29	36.43
1.26	1.65	0.39	6199.52	36.64	36.28	36.44
1.27	1.65	0.37	6302.79	36.27	36.35	36.44
1.27	1.65	0.38	6276.85	36.36	36.36	36.44
1.26	1.65	0.39	6199.52	36.64	36.4	36.45
1.69	1.65	-0.04	10480.48	24.69	35.22	36.32
1.26	1.65	0.39	6173.91	36.73	35.2	36.32
1.27	1.65	0.38	6276.85	36.36	35.2	36.32
1.26	1.65	0.38	6225.22	36.54	35.21	36.31
1.26	1.65	0.38	6225.22	36.54	35.3	36.31
1.25	1.65	0.4	6122.93	36.91	35.37	36.31
1.26	1.62	0.35	6460.18	35.71	35.27	36.3
1.27	1.65	0.37	6302.79	36.27	35.27	36.3
1.28	1.65	0.37	6328.81	36.17	35.26	36.27
1.28	1.65	0.37	6302.79	36.27	35.22	36.27
1.28	1.65	0.37	6354.92	36.08	36.36	36.26
1.26	1.65	0.39	6199.52	36.64	36.35	36.27
1.25	1.65	0.4	6122.93	36.91	36.41	36.27
1.26	1.65	0.38	6225.22	36.54	36.41	36.27
1.26	1.66	0.4	6072.27	37.1	36.46	36.28
1.26	1.65	0.39	6199.52	36.64	36.43	36.28
1.27	1.65	0.38	6250.99	36.45	36.51	36.27
1.27	1.65	0.38	6250.99	36.45	36.53	36.27
1.27	1.65	0.38	6276.85	36.36	36.54	36.27
1.27	1.65	0.38	6225.22	36.54	36.57	36.28
1.28	1.65	0.37	6328.81	36.17	36.58	36.3
1.27	1.65	0.38	6250.99	36.45	36.56	36.31
1.28	1.65	0.37	6302.79	36.27	36.5	36.32
1.3	1.65	0.35	6486.71	35.62	36.41	36.31
1.26	1.65	0.39	6148.38	36.82	36.38	36.32
1.27	1.65	0.38	6250.99	36.45	36.36	36.32
1.25	1.65	0.4	6072.27	37.1	36.42	36.32
1.26	1.65	0.4	6122.93	36.91	36.47	36.33
1.29	1.62	0.32	6729.35	34.8	36.31	36.31
1.28	1.65	0.37	6354.92	36.08	36.27	36.31
1.28	1.65	0.37	6302.79	36.27	36.28	36.31
1.27	1.65	0.38	6276.85	36.36	36.27	36.31
1.28	1.65	0.37	6302.79	36.27	36.27	36.31
1.25	1.65	0.41	6047.06	37.19	36.42	36.31
1.27	1.65	0.38	6250.99	36.45	36.39	36.31
1.28	1.65	0.36	6381.1	35.99	36.34	36.3
1.26	1.65	0.39	6173.91	36.73	36.3	36.3
1.27	1.65	0.38	6250.99	36.45	36.26	36.3
1.27	1.65	0.38	6250.99	36.45	36.42	36.3
1.28	1.65	0.37	6302.79	36.27	36.44	36.3
1.27	1.65	0.38	6250.99	36.45	36.46	36.3
1.27	1.65	0.38	6225.22	36.54	36.48	36.31
1.29	1.65	0.36	6407.38	35.9	36.44	36.3
1.27	1.65	0.37	6328.81	36.17	36.34	36.3
1.28	1.65	0.37	6354.92	36.08	36.3	36.3
1.27	1.65	0.38	6225.22	36.54	36.36	36.3
1.25	1.65	0.41	6047.06	37.19	36.41	36.31
1.26	1.65	0.4	6122.93	36.91	36.45	36.33
1.26	1.65	0.38	6225.22	36.54	36.46	36.34
1.28	1.65	0.36	6381.1	35.99	36.43	36.33
1.27	1.65	0.38	6276.85	36.36	36.42	36.33
1.28	1.65	0.37	6328.81	36.17	36.39	36.32
1.27	1.65	0.38	6225.22	36.54	36.45	36.32
1.26	1.65	0.38	6225.22	36.54	36.49	36.33
1.27	1.65	0.38	6276.85	36.36	36.52	36.31
1.27	1.65	0.37	6328.81	36.17	36.48	36.31
1.26	1.65	0.39	6199.52	36.64	36.42	36.31
1.27	1.65	0.38	6225.22	36.54	36.39	36.31
1.28	1.65	0.37	6302.79	36.27	36.36	36.31
1.27	1.65	0.38	6225.22	36.54	36.41	36.31
1.23	1.62	0.39	6199.52	36.64	36.44	36.3
1.28	1.65	0.38	6276.85	36.36	36.46	36.29
1.27	1.65	0.37	6328.81	36.17	36.42	36.29
1.28	1.65	0.37	6328.81	36.17	36.39	36.29
1.27	1.65	0.38	6250.99	36.45	36.4	36.3
1.29	1.65	0.36	6433.73	35.81	36.36	36.3
1.27	1.65	0.38	6276.85	36.36	36.33	36.3
1.29	1.65	0.36	6407.38	35.9	36.27	36.3
1.26	1.65	0.39	6173.91	36.73	36.31	36.3
1.27	1.65	0.38	6225.22	36.54	36.31	36.3
1.3	1.65	0.35	6460.18	35.71	36.22	36.29
1.27	1.65	0.37	6302.79	36.27	36.21	36.29
1.27	1.65	0.38	6276.85	36.36	36.23	36.28
1.26	1.65	0.39	6148.38	36.82	36.29	36.29
1.28	1.65	0.37	6354.92	36.08	36.26	36.28
1.26	1.65	0.39	6148.38	36.82	36.36	36.28
1.29	1.65	0.36	6407.38	35.9	36.31	36.28
1.28	1.65	0.37	6328.81	36.17	36.34	36.28
1.28	1.65	0.37	6354.92	36.08	36.28	36.28
1.24	1.65	0.41	5996.87	37.38	36.36	36.29
1.27	1.66	0.38	6225.22	36.54	36.44	36.28
1.28	1.65	0.37	6302.79	36.27	36.44	36.28
1.27	1.65	0.39	6199.52	36.64	36.47	36.29
1.28	1.65	0.37	6302.79	36.27	36.41	36.28
1.28	1.65	0.37	6328.81	36.17	36.42	36.29
1.26	1.65	0.39	6199.52	36.64	36.41	36.28
1.31	1.65	0.34	6566.8	35.35	36.35	36.26
1.24	1.65	0.41	6047.06	37.19	36.45	36.28
1.26	1.65	0.38	6225.22	36.54	36.5	36.28
1.3	1.65	0.35	6460.18	35.71	36.33	36.27
1.29	1.65	0.36	6381.1	35.99	36.28	36.27
1.28	1.65	0.37	6328.81	36.17	36.27	36.26
1.28	1.65	0.37	6302.79	36.27	36.23	36.26
1.27	1.65	0.38	6250.99	36.45	36.25	36.26
1.28	1.64	0.36	6407.38	35.9	36.22	36.26
1.25	1.65	0.39	6148.38	36.82	36.24	36.27
1.27	1.65	0.38	6250.99	36.45	36.35	36.27
1.26	1.65	0.38	6225.22	36.54	36.29	36.27
1.27	1.65	0.38	6276.85	36.36	36.27	36.27
1.3	1.66	0.36	6433.74	35.81	36.28	36.26
1.28	1.65	0.36	6381.1	35.99	36.28	36.38
1.26	1.66	0.39	6148.38	36.82	36.34	36.38
1.28	1.65	0.37	6328.81	36.17	36.33	36.37
1.26	1.65	0.39	6148.38	36.82	36.37	36.38
1.25	1.65	0.4	6097.56	37.01	36.48	36.38
1.26	1.65	0.38	6225.22	36.54	36.45	36.38
1.28	1.65	0.37	6302.79	36.27	36.43	36.38
1.27	1.65	0.38	6276.85	36.36	36.41	36.39
1.26	1.65	0.38	6225.22	36.54	36.43	36.39
1.27	1.66	0.39	6199.52	36.64	36.52	36.39
1.26	1.65	0.39	6148.38	36.82	36.6	36.4
1.27	1.65	0.38	6225.22	36.54	36.57	36.4
1.27	1.65	0.38	6276.85	36.36	36.59	36.39
1.29	1.65	0.36	6381.1	35.99	36.51	36.39
0.85	1.65	0.8	3487.15	49.22	37.73	36.51
1.27	1.65	0.38	6250.99	36.45	37.72	36.51
1.29	1.65	0.36	6381.1	35.99	37.69	36.5
1.25	1.65	0.39	6148.38	36.82	37.74	36.51
1.28	1.65	0.37	6302.79	36.27	37.71	36.51
1.27	1.65	0.39	6199.52	36.64	37.71	36.51
1.28	1.65	0.37	6328.81	36.17	37.64	36.51
1.28	1.65	0.36	6381.1	35.99	37.59	36.5
1.28	1.65	0.37	6302.79	36.27	37.58	36.5
1.28	1.65	0.37	6354.92	36.08	37.59	36.51
1.25	1.65	0.4	6097.56	37.01	36.37	36.51
1.3	1.65	0.35	6460.18	35.71	36.29	36.5
1.28	1.65	0.37	6328.81	36.17	36.31	36.49
1.27	1.65	0.37	6302.79	36.27	36.26	36.48
1.28	1.65	0.37	6302.79	36.27	36.26	36.5
1.28	1.65	0.38	6276.85	36.36	36.23	36.5
1.28	1.65	0.36	6381.1	35.99	36.21	36.5
1.28	1.65	0.37	6328.81	36.17	36.23	36.5
1.3	1.62	0.32	6756.76	34.7	36.07	36.48
1.28	1.65	0.37	6328.81	36.17	36.08	36.47
1.46	1.65	0.19	7963.13	30.99	35.48	36.42
1.27	1.65	0.37	6302.79	36.27	35.54	36.42
1.31	1.65	0.35	6540.02	35.44	35.46	36.41
1.28	1.65	0.37	6354.92	36.08	35.44	36.4
1.27	1.65	0.38	6225.22	36.54	35.47	36.4
1.25	1.65	0.4	6122.93	36.91	35.53	36.41
1.26	1.65	0.39	6173.91	36.73	35.6	36.41
1.26	1.65	0.39	6173.91	36.73	35.66	36.42
1.25	1.64	0.39	6148.38	36.82	35.87	36.42
1.27	1.65	0.38	6225.22	36.54	35.91	36.43
1.25	1.65	0.39	6148.38	36.82	36.49	36.44
1.28	1.65	0.37	6354.92	36.08	36.47	36.43
1.28	1.65	0.37	6354.92	36.08	36.53	36.42
1.27	1.65	0.38	6225.22	36.54	36.58	36.42
1.27	1.65	0.38	6276.85	36.36	36.56	36.41
1.28	1.65	0.37	6302.79	36.27	36.5	36.42
1.29	1.65	0.36	6407.38	35.9	36.41	36.41
1.27	1.65	0.38	6225.22	36.54	36.4	36.42
1.28	1.65	0.37	6302.79	36.27	36.34	36.41
1.28	1.65	0.37	6354.92	36.08	36.29	36.41
1.27	1.65	0.38	6250.99	36.45	36.26	36.41
1.28	1.65	0.37	6302.79	36.27	36.28	36.41
1.27	1.67	0.4	6097.56	37.01	36.37	36.41
1.25	1.65	0.4	6122.93	36.91	36.41	36.42
1.24	1.65	0.41	6047.06	37.19	36.49	36.43
1.28	1.65	0.37	6302.79	36.27	36.49	36.42
1.27	1.66	0.38	6225.22	36.54	36.55	36.42
1.27	1.63	0.35	6460.18	35.71	36.47	36.42
1.26	1.65	0.39	6199.52	36.64	36.51	36.42
1.26	1.65	0.39	6148.38	36.82	36.58	36.43
1.25	1.65	0.4	6072.27	37.1	36.65	36.44
1.28	1.65	0.37	6354.92	36.08	36.63	36.44
1.23	1.65	0.42	5947	37.57	36.68	36.45
1.25	1.65	0.4	6097.56	37.01	36.69	36.46
1.29	1.65	0.36	6381.1	35.99	36.57	36.45
1.29	1.65	0.36	6407.38	35.9	36.54	36.45
1.26	1.65	0.38	6225.22	36.54	36.54	36.46
1.29	1.65	0.37	6354.92	36.08	36.57	36.45
1.27	1.65	0.38	6276.85	36.36	36.54	36.45
1.28	1.65	0.36	6381.1	35.99	36.46	36.45
1.28	1.65	0.36	6381.1	35.99	36.35	36.44
1.26	1.65	0.39	6199.52	36.64	36.41	36.44
1.22	1.65	0.43	5848.18	37.94	36.44	36.46
1.28	1.65	0.36	6381.1	35.99	36.34	36.46
1.27	1.65	0.38	6250.99	36.45	36.39	36.46
1.28	1.65	0.37	6328.81	36.17	36.42	36.45
1.28	1.65	0.37	6354.92	36.08	36.37	36.45
1.27	1.65	0.38	6225.22	36.54	36.42	36.45
1.27	1.65	0.38	6225.22	36.54	36.43	36.45
1.24	1.65	0.41	6021.93	37.29	36.56	36.46
1.28	1.65	0.37	6354.92	36.08	36.57	36.46
1.26	1.65	0.38	6225.22	36.54	36.56	36.46
1.27	1.65	0.38	6276.85	36.36	36.41	36.47
1.24	1.65	0.41	6047.06	37.19	36.53	36.47
1.3	1.65	0.35	6486.71	35.62	36.44	36.46
1.27	1.65	0.38	6225.22	36.54	36.48	36.47
1.27	1.65	0.38	6276.85	36.36	36.51	36.47
1.27	1.65	0.38	6276.85	36.36	36.49	36.47
1.29	1.65	0.37	6354.92	36.08	36.44	36.47
1.24	1.65	0.41	5996.87	37.38	36.45	36.48
1.29	1.65	0.36	6407.38	35.9	36.43	36.48
1.26	1.65	0.38	6225.22	36.54	36.43	36.48
1.24	1.65	0.41	6047.06	37.19	36.52	36.49
1.28	1.65	0.37	6354.92	36.08	36.41	36.48
1.26	1.65	0.39	6148.38	36.82	36.53	36.49
1.79	1.65	-0.14	11835.65	21.87	35.06	36.35
1.28	1.65	0.37	6328.81	36.17	35.04	36.35
1.26	1.65	0.38	6225.22	36.54	35.06	36.34
1.27	1.65	0.38	6276.85	36.36	35.09	36.35
1.27	1.65	0.38	6276.85	36.36	34.98	36.34
1.26	1.64	0.38	6276.85	36.36	35.03	36.34
1.29	1.65	0.36	6407.38	35.9	34.97	36.33
1.33	1.65	0.33	6702.04	34.89	34.74	36.32
1.28	1.63	0.35	6513.32	35.53	34.68	36.31
1.28	1.65	0.37	6354.92	36.08	34.61	36.3
1.18	1.65	0.47	5558.94	39.07	36.33	36.33
1.28	1.65	0.37	6354.92	36.08	36.32	36.32
1.25	1.65	0.4	6122.93	36.91	36.35	36.32
1.28	1.65	0.37	6302.79	36.27	36.34	36.32
1.28	1.65	0.37	6328.81	36.17	36.33	36.32
1.24	1.65	0.41	6021.93	37.29	36.42	36.2
1.29	1.65	0.36	6381.1	35.99	36.43	36.2
1.27	1.65	0.38	6225.22	36.54	36.59	36.21
1.29	1.65	0.36	6407.38	35.9	36.63	36.2
1.27	1.65	0.38	6276.85	36.36	36.66	36.2
1.26	1.65	0.39	6173.91	36.73	36.42	36.2
1.29	1.64	0.35	6460.18	35.71	36.39	36.19
1.25	1.65	0.41	6047.06	37.19	36.41	36.21
1.28	1.65	0.37	6328.81	36.17	36.41	36.2
1.29	1.65	0.36	6407.38	35.9	36.38	36.2
1.27	1.65	0.38	6225.22	36.54	36.3	36.2
1.27	1.65	0.38	6225.22	36.54	36.36	36.21
1.27	1.65	0.38	6250.99	36.45	36.35	36.21
1.26	1.59	0.33	6647.68	35.07	36.27	36.2
1.27	1.65	0.38	6250.99	36.45	36.28	36.2
1.28	1.65	0.37	6328.81	36.17	36.22	36.2
1.26	1.65	0.39	6173.91	36.73	36.32	36.2
1.29	1.65	0.36	6433.73	35.81	36.18	36.2
1.27	1.65	0.38	6250.99	36.45	36.21	36.22
1.28	1.65	0.37	6328.81	36.17	36.24	36.22
1.28	1.65	0.37	6328.81	36.17	36.2	36.27
1.26	1.65	0.39	6199.52	36.64	36.21	36.27
1.28	1.65	0.37	6302.79	36.27	36.19	36.28
1.27	1.61	0.34	6593.67	35.25	36.21	36.27
1.27	1.65	0.38	6276.85	36.36	36.2	36.27
1.26	1.65	0.39	6199.52	36.64	36.25	36.27
1.27	1.65	0.37	6302.79	36.27	36.2	36.26
1.31	1.65	0.34	6566.8	35.35	36.16	36.25
1.28	1.65	0.37	6328.81	36.17	36.13	36.24
1.28	1.65	0.37	6328.81	36.17	36.13	36.24
1.29	1.65	0.36	6407.38	35.9	36.1	36.23
1.25	1.65	0.4	6122.93	36.91	36.13	36.24
1.26	1.65	0.39	6199.52	36.64	36.17	36.25
1.28	1.65	0.37	6354.92	36.08	36.25	36.24
1.26	1.65	0.39	6173.91	36.73	36.29	36.24
1.27	1.65	0.38	6250.99	36.45	36.27	36.25
1.27	1.65	0.38	6276.85	36.36	36.28	36.25
1.27	1.65	0.38	6250.99	36.45	36.39	36.25
1.27	1.65	0.38	6276.85	36.36	36.41	36.25
1.27	1.65	0.38	6250.99	36.45	36.43	36.25
1.3	1.65	0.35	6513.32	35.53	36.4	36.25
1.26	1.65	0.39	6173.91	36.73	36.38	36.25
1.27	1.65	0.38	6250.99	36.45	36.36	36.24
1.29	1.65	0.36	6407.38	35.9	36.34	36.23
1.26	1.65	0.39	6148.38	36.82	36.35	36.23
1.25	1.65	0.4	6072.27	37.1	36.41	36.24
1.27	1.65	0.38	6276.85	36.36	36.41	36.24
1.25	1.65	0.4	6122.93	36.91	36.46	36.25
1.25	1.65	0.4	6072.27	37.1	36.54	36.25
1.27	1.65	0.38	6250.99	36.45	36.54	36.25
1.28	1.65	0.37	6354.92	36.08	36.59	36.24
1.27	1.65	0.38	6250.99	36.45	36.56	36.24
1.26	1.65	0.39	6173.91	36.73	36.59	36.24
1.27	1.65	0.38	6276.85	36.36	36.64	36.23
1.27	1.65	0.37	6302.79	36.27	36.58	36.23
1.28	1.65	0.36	6381.1	35.99	36.47	36.23
1.27	1.66	0.39	6148.38	36.82	36.52	36.24
1.32	1.65	0.34	6620.63	35.16	36.34	36.23
1.26	1.65	0.38	6225.22	36.54	36.29	36.23
1.27	1.65	0.38	6276.85	36.36	36.28	36.23
1.27	1.65	0.38	6276.85	36.36	36.3	36.24
1.28	1.65	0.36	6381.1	35.99	36.26	36.23
1.27	1.65	0.39	6199.52	36.64	36.25	36.22
1.28	1.65	0.37	6328.81	36.17	36.23	36.22
1.27	1.65	0.38	6250.99	36.45	36.25	36.22
1.23	1.65	0.42	5922.18	37.66	36.42	36.23
1.26	1.65	0.39	6199.52	36.64	36.4	36.24
1.28	1.65	0.37	6328.81	36.17	36.5	36.23
1.26	1.65	0.39	6173.91	36.73	36.52	36.24
1.27	1.66	0.39	6199.52	36.64	36.54	36.23
1.27	1.65	0.38	6250.99	36.45	36.55	36.23
1.45	1.65	0.2	7806.79	31.44	36.1	36.18
1.27	1.65	0.37	6302.79	36.27	36.06	36.18
1.26	1.65	0.38	6225.22	36.54	36.1	36.17
1.27	1.65	0.38	6250.99	36.45	36.1	36.18
1.25	1.65	0.4	6122.93	36.91	36.02	36.19
1.27	1.65	0.38	6250.99	36.45	36.01	36.19
1.26	1.65	0.39	6148.38	36.82	36.07	36.19
1.29	1.65	0.36	6407.38	35.9	35.99	36.19
1.29	1.65	0.36	6381.1	35.99	35.92	36.18
1.28	1.65	0.37	6354.92	36.08	35.89	36.18
1.28	1.65	0.37	6328.81	36.17	36.36	36.17
1.28	1.65	0.37	6354.92	36.08	36.34	36.16
1.27	1.65	0.38	6225.22	36.54	36.34	36.17
1.27	1.65	0.38	6276.85	36.36	36.33	36.16
1.27	1.65	0.38	6250.99	36.45	36.28	36.31
1.28	1.65	0.37	6328.81	36.17	36.26	36.31
1.28	1.65	0.37	6354.92	36.08	36.18	36.3
1.27	1.65	0.38	6276.85	36.36	36.23	36.3
1.27	1.65	0.38	6276.85	36.36	36.27	36.3
1.28	1.65	0.37	6302.79	36.27	36.28	36.3
1.27	1.64	0.37	6354.92	36.08	36.28	36.31
1.27	1.65	0.38	6276.85	36.36	36.3	36.32
1.29	1.65	0.36	6433.73	35.81	36.23	36.32
1.27	1.65	0.37	6302.79	36.27	36.22	36.33
1.26	1.65	0.39	6199.52	36.64	36.24	36.3
1.28	1.65	0.37	6354.92	36.08	36.23	36.3
1.28	1.65	0.37	6354.92	36.08	36.23	36.29
1.29	1.65	0.36	6407.38	35.9	36.18	36.29
1.28	1.65	0.37	6354.92	36.08	36.16	36.29
1.28	1.65	0.37	6328.81	36.17	36.15	36.28
1.27	1.65	0.38	6276.85	36.36	36.17	36.28
1.2	1.65	0.45	5726.36	38.41	36.38	36.3
1.25	1.65	0.4	6122.93	36.91	36.49	36.31
1.26	1.65	0.39	6173.91	36.73	36.54	36.31
1.26	1.65	0.39	6173.91	36.73	36.55	36.31
1.27	1.67	0.39	6148.38	36.82	36.62	36.32
1.29	1.65	0.36	6381.1	35.99	36.61	36.31
1.26	1.65	0.38	6225.22	36.54	36.67	36.32
1.28	1.65	0.37	6302.79	36.27	36.69	36.32
1.26	1.65	0.39	6173.91	36.73	36.75	36.32
1.26	1.65	0.39	6199.52	36.64	36.78	36.32
1.27	1.65	0.38	6276.85	36.36	36.57	36.32
1.22	1.65	0.43	5872.77	37.85	36.66	36.35
1.28	1.65	0.37	6354.92	36.08	36.6	36.35
1.26	1.67	0.41	6047.06	37.19	36.65	36.36
1.27	1.65	0.38	6250.99	36.45	36.61	36.35
1.27	1.65	0.38	6276.85	36.36	36.65	36.36
1.2	1.65	0.45	5726.36	38.41	36.83	36.38
1.28	1.65	0.37	6354.92	36.08	36.81	36.38
1.29	1.65	0.36	6433.73	35.81	36.72	36.37
1.28	1.65	0.37	6354.92	36.08	36.67	36.37
1.32	1.65	0.34	6620.63	35.16	36.55	36.36
1.26	1.65	0.39	6199.52	36.64	36.43	36.37
1.26	1.65	0.39	6173.91	36.73	36.49	36.37
1.28	1.65	0.36	6381.1	35.99	36.37	36.37
1.28	1.65	0.37	6328.81	36.17	36.34	36.37
1.29	1.65	0.36	6433.73	35.81	36.29	36.37
1.26	1.65	0.39	6173.91	36.73	36.12	36.38
1.27	1.65	0.38	6276.85	36.36	36.15	36.38
1.26	1.65	0.39	6199.52	36.64	36.23	36.39
1.28	1.65	0.36	6381.1	35.99	36.22	36.38
1.29	1.65	0.36	6381.1	35.99	36.3	36.37
1.31	1.65	0.34	6566.8	35.35	36.17	36.36
1.27	1.65	0.38	6250.99	36.45	36.15	36.36
1.25	1.62	0.37	6302.79	36.27	36.17	36.36
1.25	1.65	0.4	6072.27	37.1	36.27	36.37
1.3	1.65	0.35	6460.18	35.71	36.26	36.36
1.22	1.65	0.44	5823.67	38.03	36.39	36.38
1.3	1.65	0.35	6460.18	35.71	36.32	36.37
1.25	1.65	0.4	6122.93	36.91	36.35	36.38
1.28	1.65	0.37	6302.79	36.27	36.38	36.38
1.27	1.65	0.38	6276.85	36.36	36.42	36.38
1.28	1.72	0.44	5799.23	38.13	36.69	36.4
1.28	1.65	0.37	6328.81	36.17	36.67	36.39
1.26	1.65	0.39	6173.91	36.73	36.71	36.39
1.31	1.65	0.34	6566.8	35.35	36.54	36.38
1.28	1.65	0.37	6302.79	36.27	36.59	36.37
1.26	1.65	0.39	6148.38	36.82	36.47	36.37
1.25	1.65	0.4	6122.93	36.91	36.59	36.37
1.28	1.65	0.37	6302.79	36.27	36.53	36.38
1.26	1.65	0.39	6148.38	36.82	36.58	36.38
1.26	1.65	0.39	6173.91	36.73	36.62	36.38
1.29	1.65	0.36	6407.38	35.9	36.4	36.37
1.28	1.65	0.36	6381.1	35.99	36.38	36.37
1.27	1.65	0.38	6225.22	36.54	36.36	36.38
1.29	1.65	0.36	6433.73	35.81	36.41	36.37
1.26	1.65	0.39	6173.91	36.73	36.45	36.38
1.27	1.65	0.38	6250.99	36.45	36.41	36.38
1.26	1.65	0.39	6148.38	36.82	36.41	36.39
1.28	1.65	0.37	6328.81	36.17	36.4	36.38
1.26	1.65	0.39	6148.38	36.82	36.4	36.39
1.27	1.65	0.37	6302.79	36.27	36.35	36.39
1.26	1.65	0.39	6148.38	36.82	36.44	36.4
1.25	1.65	0.4	6097.56	37.01	36.54	36.4
1.29	1.65	0.36	6433.73	35.81	36.47	36.38
1.27	1.65	0.37	6302.79	36.27	36.52	36.38
1.26	1.64	0.38	6276.85	36.36	36.48	36.38
1.27	1.65	0.38	6276.85	36.36	36.47	36.38
1.27	1.65	0.38	6225.22	36.54	36.44	36.38
1.27	1.65	0.38	6276.85	36.36	36.46	36.38
1.26	1.65	0.39	6199.52	36.64	36.44	36.43
1.27	1.65	0.38	6276.85	36.36	36.45	36.43
1.28	1.65	0.36	6407.38	35.9	36.36	36.42
1.28	1.65	0.37	6328.81	36.17	36.28	36.42
1.27	1.65	0.38	6276.85	36.36	36.33	36.41
1.28	1.65	0.37	6302.79	36.27	36.33	36.41
1.27	1.65	0.38	6250.99	36.45	36.34	36.41
1.3	1.65	0.35	6460.18	35.71	36.28	36.41
1.27	1.66	0.39	6173.91	36.73	36.29	36.41
1.3	1.65	0.35	6513.32	35.53	36.21	36.41
1.27	1.65	0.38	6276.85	36.36	36.18	36.41
1.25	1.65	0.4	6097.56	37.01	36.25	36.42
1.27	1.65	0.38	6276.85	36.36	36.29	36.42
1.26	1.65	0.39	6199.52	36.64	36.34	36.42
1.27	1.65	0.39	6199.52	36.64	36.37	36.42
1.28	1.65	0.37	6328.81	36.17	36.36	36.42
1.28	1.65	0.36	6381.1	35.99	36.31	36.42
1.27	1.65	0.38	6250.99	36.45	36.39	36.42
1.27	1.65	0.38	6250.99	36.45	36.36	36.42
1.27	1.65	0.38	6276.85	36.36	36.44	36.42
1.27	1.65	0.38	6276.85	36.36	36.44	36.43
1.26	1.65	0.38	6225.22	36.54	36.4	36.43
1.27	1.65	0.38	6276.85	36.36	36.4	36.43
1.24	1.65	0.41	5996.87	37.38	36.47	36.44
1.28	1.65	0.37	6328.81	36.17	36.42	36.44
1.26	1.65	0.39	6148.38	36.82	36.49	36.45
1.28	1.65	0.37	6302.79	36.27	36.52	36.45
1.28	1.65	0.36	6381.1	35.99	36.47	36.45
1.25	1.69	0.44	5799.23	38.13	36.64	36.47
1.29	1.65	0.36	6407.38	35.9	36.59	36.47
1.27	1.65	0.37	6302.79	36.27	36.58	36.47
1.28	1.65	0.37	6302.79	36.27	36.55	36.45
1.27	1.65	0.38	6250.99	36.45	36.56	36.44
1.3	1.65	0.35	6460.18	35.71	36.4	36.43
1.31	1.65	0.34	6566.8	35.35	36.31	36.42
1.26	1.65	0.39	6173.91	36.73	36.3	36.42
1.26	1.65	0.39	6173.91	36.73	36.35	36.42
1.28	1.65	0.37	6354.92	36.08	36.36	36.42
1.27	1.65	0.38	6225.22	36.54	36.2	36.42
1.27	1.65	0.38	6276.85	36.36	36.25	36.42
1.26	1.65	0.39	6148.38	36.82	36.3	36.42
1.22	1.65	0.43	5872.77	37.85	36.46	36.43
1.26	1.65	0.39	6148.38	36.82	36.5	36.42
1.26	1.65	0.39	6199.52	36.64	36.59	36.43
1.27	1.62	0.34	6566.8	35.35	36.59	36.41
1.27	1.65	0.38	6225.22	36.54	36.57	36.41
1.29	1.65	0.36	6407.38	35.9	36.49	36.41
1.27	1.65	0.39	6199.52	36.64	36.54	36.39
1.27	1.65	0.38	6225.22	36.54	36.54	36.39
1.29	1.65	0.36	6433.73	35.81	36.49	36.39
1.28	1.65	0.37	6354.92	36.08	36.42	36.39
1.25	1.65	0.4	6072.27	37.1	36.34	36.41
1.26	1.65	0.39	6173.91	36.73	36.33	36.42
1.29	1.65	0.35	6460.18	35.71	36.24	36.4
1.28	1.65	0.37	6328.81	36.17	36.32	36.41
1.28	1.65	0.37	6328.81	36.17	36.29	36.41
1.31	1.65	0.34	6593.67	35.25	36.22	36.4
1.26	1.65	0.38	6250.99	36.45	36.2	36.4
1.27	1.65	0.38	6225.22	36.54	36.2	36.4
1.26	1.65	0.39	6199.52	36.64	36.29	36.4
1.26	1.65	0.39	6148.38	36.82	36.36	36.41
1.28	1.65	0.37	6328.81	36.17	36.27	36.41
1.28	1.65	0.37	6354.92	36.08	36.2	36.42
1.29	1.65	0.36	6381.1	35.99	36.23	36.41
1.28	1.65	0.37	6354.92	36.08	36.22	36.41
1.25	1.65	0.4	6097.56	37.01	36.3	36.41
1.28	1.65	0.37	6302.79	36.27	36.41	36.42
1.29	1.65	0.36	6381.1	35.99	36.36	36.4
1.27	1.65	0.38	6225.22	36.54	36.36	36.4
1.27	1.65	0.38	6225.22	36.54	36.35	36.4
1.26	1.65	0.39	6199.52	36.64	36.33	36.4
1.27	1.65	0.38	6250.99	36.45	36.36	36.4
1.26	1.65	0.39	6199.52	36.64	36.41	36.39
1.27	1.65	0.38	6276.85	36.36	36.45	36.39
1.27	1.65	0.38	6276.85	36.36	36.48	36.39
1.27	1.65	0.37	6328.81	36.17	36.4	36.4
1.28	1.67	0.4	6122.93	36.91	36.46	36.4
1.28	1.65	0.37	6328.81	36.17	36.48	36.4
1.29	1.65	0.35	6460.18	35.71	36.4	36.38
1.28	1.65	0.37	6302.79	36.27	36.37	36.38
1.29	1.65	0.36	6433.73	35.81	36.29	36.37
1.3	1.65	0.35	6486.71	35.62	36.2	36.36
1.26	1.65	0.39	6199.52	36.64	36.2	36.37
1.35	1.65	0.3	6951.12	34.07	35.97	36.35
1.28	1.65	0.37	6302.79	36.27	35.96	36.35
1.28	1.65	0.37	6354.92	36.08	35.95	36.35
1.26	1.65	0.39	6173.91	36.73	35.94	36.35
1.26	1.65	0.39	6173.91	36.73	35.99	36.35
1.26	1.65	0.38	6225.22	36.54	36.07	36.35
1.26	1.65	0.39	6148.38	36.82	36.13	36.36
1.28	1.65	0.37	6328.81	36.17	36.17	36.35
1.27	1.65	0.38	6250.99	36.45	36.25	36.35
1.29	1.65	0.36	6407.38	35.9	36.18	36.34
1.27	1.65	0.38	6276.85	36.36	36.41	36.34
1.27	1.65	0.38	6250.99	36.45	36.42	36.34
1.28	1.65	0.37	6328.81	36.17	36.43	36.34
1.27	1.65	0.38	6225.22	36.54	36.41	36.34
1.26	1.65	0.39	6148.38	36.82	36.42	36.35
1.27	1.65	0.38	6250.99	36.45	36.41	36.35
1.28	1.65	0.37	6302.79	36.27	36.36	36.35
1.29	1.65	0.36	6381.1	35.99	36.34	36.34
1.27	1.65	0.38	6250.99	36.45	36.34	36.34
1.27	1.65	0.38	6225.22	36.54	36.4	36.35
1.26	1.65	0.4	6122.93	36.91	36.46	36.36
1.26	1.64	0.38	6225.22	36.54	36.47	36.36
1.28	1.65	0.37	6328.81	36.17	36.47	36.36
1.27	1.65	0.38	6276.85	36.36	36.45	36.36
1.27	1.65	0.38	6276.85	36.36	36.4	36.36
1.28	1.65	0.37	6302.79	36.27	36.39	36.36
1.25	1.65	0.4	6122.93	36.91	36.45	36.37
1.29	1.65	0.37	6354.92	36.08	36.46	36.37
1.26	1.65	0.39	6173.91	36.73	36.49	36.37
1.25	1.65	0.4	6072.27	37.1	36.54	36.37
1.29	1.65	0.36	6407.38	35.9	36.44	36.37
1.28	1.65	0.37	6354.92	36.08	36.4	36.36
1.27	1.65	0.38	6250.99	36.45	36.42	36.36
1.25	1.65	0.4	6097.56	37.01	36.49	36.37
1.27	1.65	0.38	6276.85	36.36	36.49	36.37
1.26	1.65	0.38	6250.99	36.45	36.51	36.37
1.27	1.65	0.37	6302.79	36.27	36.44	36.37
1.27	1.65	0.37	6302.79	36.27	36.46	36.37
1.27	1.65	0.37	6302.79	36.27	36.41	36.37
1.26	1.65	0.39	6148.38	36.82	36.39	36.37
1.27	1.65	0.38	6276.85	36.36	36.43	36.36
1.27	1.65	0.38	6250.99	36.45	36.47	36.37
1.21	1.66	0.45	5750.58	38.31	36.66	36.38
1.3	1.65	0.35	6460.18	35.71	36.53	36.37
1.28	1.65	0.37	6354.92	36.08	36.5	36.38
1.29	1.65	0.36	6433.73	35.81	36.43	36.35
1.27	1.65	0.38	6276.85	36.36	36.44	36.36
1.26	1.65	0.39	6173.91	36.73	36.49	36.36
1.27	1.65	0.38	6276.85	36.36	36.5	36.36
1.27	1.65	0.38	6250.99	36.45	36.46	36.36
1.25	1.65	0.4	6122.93	36.91	36.52	36.37
1.27	1.65	0.38	6250.99	36.45	36.52	36.39
1.24	1.65	0.41	6047.06	37.19	36.41	36.39
1.26	1.65	0.39	6173.91	36.73	36.51	36.39
1.29	1.65	0.36	6381.1	35.99	36.5	36.39
1.27	1.65	0.38	6250.99	36.45	36.56	36.39
1.27	1.65	0.38	6276.85	36.36	36.56	36.39
1.3	1.65	0.35	6486.71	35.62	36.45	36.38
1.27	1.65	0.38	6276.85	36.36	36.45	36.36
1.27	1.65	0.39	6199.52	36.64	36.47	36.36
1.26	1.65	0.38	6225.22	36.54	36.43	36.36
1.28	1.65	0.37	6328.81	36.17	36.41	36.37
1.27	1.71	0.44	5799.23	38.13	36.5	36.38
1.24	1.65	0.41	5996.87	37.38	36.56	36.4
1.26	1.66	0.4	6097.56	37.01	36.67	36.4
1.27	1.65	0.38	6276.85	36.36	36.66	36.4
1.28	1.65	0.37	6302.79	36.27	36.65	36.4
1.29	1.65	0.36	6433.73	35.81	36.67	36.4
1.34	1.65	0.31	6811.83	34.52	36.48	36.38
1.29	1.65	0.36	6433.73	35.81	36.4	36.37
1.27	1.65	0.38	6276.85	36.36	36.38	36.37
1.28	1.65	0.37	6354.92	36.08	36.37	36.37
1.24	1.65	0.41	6047.06	37.19	36.28	36.38
1.19	1.65	0.46	5606.41	38.88	36.43	36.42
1.26	1.65	0.39	6173.91	36.73	36.4	36.42
1.28	1.65	0.37	6328.81	36.17	36.38	36.42
1.28	1.65	0.37	6328.81	36.17	36.37	36.41
1.28	1.65	0.37	6302.79	36.27	36.42	36.41
1.27	1.65	0.38	6250.99	36.45	36.61	36.41
1.3	1.65	0.36	6433.73	35.81	36.61	36.41
1.27	1.65	0.38	6225.22	36.54	36.63	36.41
1.27	1.65	0.38	6276.85	36.36	36.66	36.42
1.27	1.65	0.38	6225.22	36.54	36.59	36.41
1.26	1.65	0.39	6199.52	36.64	36.37	36.41
1.29	1.65	0.36	6433.73	35.81	36.28	36.41
1.27	1.65	0.38	6250.99	36.45	36.3	36.41
1.28	1.65	0.37	6354.92	36.08	36.29	36.41
1.29	1.66	0.37	6328.81	36.17	36.28	36.4
1.26	1.68	0.41	5996.87	37.38	36.38	36.41
1.27	1.66	0.38	6225.22	36.54	36.45	36.41
1.28	1.65	0.37	6328.81	36.17	36.41	36.41
1.27	1.65	0.38	6276.85	36.36	36.41	36.41
1.31	1.65	0.34	6566.8	35.35	36.29	36.4
1.26	1.65	0.38	6225.22	36.54	36.29	36.4
1.28	1.65	0.37	6328.81	36.17	36.32	36.4
1.27	1.65	0.38	6250.99	36.45	36.32	36.4
1.29	1.65	0.36	6407.38	35.9	36.3	36.4
1.27	1.65	0.37	6302.79	36.27	36.31	36.41
1.3	1.65	0.35	6486.71	35.62	36.14	36.41
1.26	1.65	0.39	6148.38	36.82	36.17	36.41
1.27	1.65	0.38	6276.85	36.36	36.18	36.43
1.26	1.65	0.38	6225.22	36.54	36.2	36.43
1.25	1.65	0.4	6097.56	37.01	36.37	36.44
1.28	1.65	0.38	6276.85	36.36	36.35	36.44
1.26	1.65	0.39	6173.91	36.73	36.41	36.44
1.25	1.65	0.39	6148.38	36.82	36.44	36.44
1.27	1.62	0.35	6513.32	35.53	36.41	36.43
1.27	1.65	0.38	6225.22	36.54	36.43	36.43
1.26	1.65	0.38	6250.99	36.45	36.52	36.43
1.28	1.65	0.37	6354.92	36.08	36.44	36.43
1.27	1.65	0.38	6250.99	36.45	36.45	36.43
1.25	1.65	0.4	6122.93	36.91	36.49	36.44
1.28	1.65	0.36	6381.1	35.99	36.39	36.44
1.25	1.65	0.4	6122.93	36.91	36.44	36.44
1.26	1.65	0.39	6199.52	36.64	36.43	36.44
1.26	1.65	0.39	6173.91	36.73	36.42	36.44
1.27	1.65	0.38	6276.85	36.36	36.51	36.44
1.28	1.65	0.37	6354.92	36.08	36.46	36.44
1.27	1.65	0.37	6302.79	36.27	36.44	36.44
1.22	1.65	0.43	5872.77	37.85	36.62	36.46
1.27	1.65	0.38	6225.22	36.54	36.63	36.45
1.27	1.65	0.38	6225.22	36.54	36.59	36.45
1.26	1.66	0.39	6148.38	36.82	36.67	36.46
1.23	1.65	0.42	5971.9	37.47	36.73	36.47
1.28	1.65	0.37	6328.81	36.17	36.68	36.47
1.27	1.65	0.39	6199.52	36.64	36.67	36.47
1.27	1.65	0.38	6225.22	36.54	36.69	36.47
1.26	1.65	0.38	6225.22	36.54	36.74	36.47
1.27	1.65	0.38	6225.22	36.54	36.77	36.47
1.24	1.65	0.41	6021.93	37.29	36.71	36.47
1.27	1.65	0.38	6276.85	36.36	36.69	36.48
1.27	1.65	0.38	6250.99	36.45	36.68	36.48
1.28	1.65	0.37	6354.92	36.08	36.61	36.48
1.26	1.65	0.39	6173.91	36.73	36.53	36.47
1.27	1.65	0.38	6250.99	36.45	36.56	36.47
1.27	1.65	0.38	6225.22	36.54	36.55	36.48
1.26	1.65	0.38	6225.22	36.54	36.55	36.48
1.28	1.65	0.37	6302.79	36.27	36.53	36.48
1.26	1.65	0.39	6173.91	36.73	36.54	36.48
1.27	1.65	0.38	6250.99	36.45	36.46	36.48
1.27	1.65	0.38	6225.22	36.54	36.48	36.48
1.25	1.65	0.4	6122.93	36.91	36.53	36.49
1.28	1.65	0.37	6354.92	36.08	36.53	36.46
1.26	1.65	0.39	6199.52	36.64	36.52	36.47
1.28	1.64	0.36	6407.38	35.9	36.46	36.47
1.27	1.65	0.38	6250.99	36.45	36.45	36.48
1.28	1.65	0.38	6276.85	36.36	36.43	36.48
1.27	1.65	0.38	6276.85	36.36	36.44	36.47
1.29	1.65	0.36	6407.38	35.9	36.36	36.47
1.26	1.65	0.39	6173.91	36.73	36.39	36.47
1.28	1.65	0.37	6302.79	36.27	36.36	36.47
1.27	1.65	0.38	6250.99	36.45	36.31	36.47
1.27	1.65	0.38	6276.85	36.36	36.34	36.46
1.24	1.65	0.41	5996.87	37.38	36.41	36.46
1.25	1.65	0.39	6148.38	36.82	36.51	36.47
1.27	1.66	0.39	6199.52	36.64	36.53	36.47
1.29	1.65	0.36	6407.38	35.9	36.48	36.47
1.28	1.65	0.37	6328.81	36.17	36.46	36.47
1.27	1.65	0.38	6225.22	36.54	36.53	36.48
1.26	1.65	0.39	6199.52	36.64	36.52	36.48
1.29	1.65	0.36	6407.38	35.9	36.48	36.47
1.27	1.65	0.38	6276.85	36.36	36.47	36.47
1.26	1.65	0.39	6199.52	36.64	36.5	36.46
1.26	1.65	0.39	6199.52	36.64	36.42	36.45
1.26	1.65	0.38	6225.22	36.54	36.4	36.44
1.26	1.65	0.39	6173.91	36.73	36.41	36.45
1.28	1.65	0.37	6354.92	36.08	36.42	36.45
1.27	1.65	0.39	6199.52	36.64	36.47	36.45
1.27	1.65	0.38	6250.99	36.45	36.46	36.47
1.26	1.65	0.39	6173.91	36.73	36.47	36.48
1.27	1.65	0.38	6250.99	36.45	36.53	36.48
1.25	1.65	0.41	6047.06	37.19	36.61	36.5
1.28	1.65	0.37	6354.92	36.08	36.55	36.48
1.27	1.65	0.38	6225.22	36.54	36.54	36.46
1.28	1.65	0.37	6328.81	36.17	36.51	36.46
1.3	1.65	0.35	6513.32	35.53	36.39	36.45
1.25	1.66	0.42	5971.9	37.47	36.53	36.46
1.25	1.65	0.4	6097.56	37.01	36.56	36.47
1.26	1.64	0.37	6302.79	36.27	36.54	36.47
1.29	1.65	0.37	6354.92	36.08	36.48	36.47
1.28	1.65	0.36	6381.1	35.99	36.43	36.46
1.28	1.65	0.37	6354.92	36.08	36.32	36.46
1.25	1.56	0.31	6839.51	34.43	36.16	36.44
1.27	1.65	0.38	6250.99	36.45	36.15	36.44
1.29	1.65	0.36	6381.1	35.99	36.13	36.44
1.26	1.65	0.39	6148.38	36.82	36.26	36.44
1.28	1.65	0.37	6302.79	36.27	36.14	36.45
1.26	1.65	0.39	6148.38	36.82	36.12	36.45
1.3	1.65	0.35	6486.71	35.62	36.06	36.44
1.26	1.65	0.38	6225.22	36.54	36.1	36.44
1.28	1.65	0.36	6381.1	35.99	36.1	36.43
1.28	1.65	0.36	6381.1	35.99	36.09	36.43
1.31	1.65	0.34	6566.8	35.35	36.18	36.43
1.26	1.65	0.39	6199.52	36.64	36.2	36.43
1.28	1.65	0.37	6354.92	36.08	36.21	36.43
1.26	1.65	0.39	6173.91	36.73	36.2	36.43
1.3	1.65	0.35	6513.32	35.53	36.13	36.43
1.73	1.65	-0.08	11071.06	23.42	34.79	36.3
1.26	1.65	0.39	6148.38	36.82	34.91	36.31
1.29	1.65	0.37	6354.92	36.08	34.86	36.3
1.17	1.65	0.48	5511.75	39.26	35.19	36.33
1.27	1.65	0.38	6250.99	36.45	35.24	36.33
1.27	1.65	0.38	6225.22	36.54	35.35	36.33
1.35	1.65	0.3	6895.13	34.25	35.12	36.31
1.28	1.65	0.37	6328.81	36.17	35.13	36.3
1.27	1.65	0.38	6250.99	36.45	35.1	36.3
1.27	1.65	0.38	6225.22	36.54	35.2	36.31
1.26	1.65	0.39	6148.38	36.82	36.54	36.31
1.29	1.65	0.36	6407.38	35.9	36.45	36.31
1.25	1.65	0.41	6047.06	37.19	36.56	36.32
1.27	1.65	0.38	6276.85	36.36	36.27	36.32
1.29	1.65	0.36	6407.38	35.9	36.21	36.31
1.28	1.65	0.37	6354.92	36.08	36.17	36.31
1.28	1.65	0.37	6328.81	36.17	36.36	36.3
1.26	1.65	0.39	6173.91	36.73	36.41	36.3
1.26	1.64	0.38	6276.85	36.36	36.41	36.3
1.27	1.65	0.38	6250.99	36.45	36.4	36.3
1.29	1.65	0.36	6407.38	35.9	36.3	36.3
1.28	1.65	0.37	6328.81	36.17	36.33	36.29
1.24	1.65	0.41	6021.93	37.29	36.34	36.29
1.27	1.65	0.38	6276.85	36.36	36.34	36.29
1.28	1.65	0.37	6328.81	36.17	36.37	36.28
1.26	1.65	0.39	6148.38	36.82	36.44	36.28
1.09	1.65	0.56	4945.21	41.65	36.99	36.32
1.28	1.65	0.37	6354.92	36.08	36.93	36.32
1.31	1.65	0.34	6593.67	35.25	36.81	36.31
1.29	1.65	0.36	6381.1	35.99	36.77	36.3
1.27	1.55	0.27	7150.04	33.43	36.52	36.27
1.27	1.65	0.38	6276.85	36.36	36.54	36.27
1.29	1.65	0.36	6381.1	35.99	36.41	36.26
1.26	1.65	0.38	6225.22	36.54	36.43	36.26
1.26	1.65	0.39	6148.38	36.82	36.49	36.26
1.27	1.65	0.37	6302.79	36.27	36.44	36.27
1.28	1.65	0.37	6354.92	36.08	35.88	36.26
1.26	1.65	0.38	6225.22	36.54	35.93	36.26
1.27	1.65	0.38	6276.85	36.36	36.04	36.26
1.27	1.65	0.37	6302.79	36.27	36.07	36.26
1.21	1.65	0.45	5750.58	38.31	36.55	36.28
1.27	1.65	0.38	6250.99	36.45	36.56	36.27
1.28	1.65	0.37	6328.81	36.17	36.58	36.27
1.29	1.65	0.35	6460.18	35.71	36.5	36.26
1.3	1.65	0.35	6540.02	35.44	36.36	36.25
1.28	1.65	0.37	6302.79	36.27	36.36	36.25
1.3	1.65	0.35	6486.71	35.62	36.31	36.24
1.27	1.66	0.39	6173.91	36.73	36.33	36.25
1.29	1.65	0.36	6407.38	35.9	36.29	36.24
1.25	1.65	0.39	6148.38	36.82	36.34	36.25
1.28	1.65	0.37	6354.92	36.08	36.12	36.24
1.25	1.65	0.4	6097.56	37.01	36.17	36.26
1.27	1.64	0.37	6354.92	36.08	36.17	36.25
1.25	1.65	0.41	6047.06	37.19	36.31	36.26
1.26	1.65	0.39	6148.38	36.82	36.45	36.26
1.26	1.65	0.39	6173.91	36.73	36.5	36.27
1.29	1.65	0.36	6381.1	35.99	36.53	36.25
1.24	1.65	0.41	5996.87	37.38	36.6	36.26
1.28	1.65	0.37	6302.79	36.27	36.64	36.25
1.26	1.65	0.39	6173.91	36.73	36.63	36.26
1.27	1.65	0.38	6276.85	36.36	36.66	36.26
0.65	1.65	1	2437.69	56.71	38.63	36.47
1.29	1.65	0.36	6407.38	35.9	38.61	36.46
1.28	1.66	0.37	6302.79	36.27	38.51	36.46
1.28	1.65	0.37	6354.92	36.08	38.44	36.46
1.25	1.64	0.38	6225.22	36.54	38.42	36.46
1.28	1.65	0.37	6354.92	36.08	38.43	36.45
1.28	1.65	0.37	6354.92	36.08	38.3	36.45
1.26	1.65	0.39	6173.91	36.73	38.35	36.45
1.25	1.66	0.41	6021.93	37.29	38.4	36.46
1.26	1.65	0.38	6225.22	36.54	38.42	36.46
1.3	1.65	0.35	6486.7	35.62	36.31	36.45
1.28	1.65	0.37	6354.92	36.08	36.33	36.44
1.28	1.65	0.37	6328.81	36.17	36.32	36.44
1.27	1.65	0.38	6250.99	36.45	36.36	36.43
1.3	1.65	0.35	6460.18	35.71	36.28	36.43
1.26	1.65	0.39	6199.52	36.64	36.33	36.43
1.27	1.65	0.38	6225.22	36.54	36.38	36.43
1.28	1.65	0.37	6328.81	36.17	36.32	36.44
1.27	1.66	0.38	6225.22	36.54	36.25	36.43
1.28	1.65	0.37	6302.79	36.27	36.22	36.42
1.28	1.65	0.37	6354.92	36.08	36.27	36.42
1.29	1.65	0.37	6354.92	36.08	36.27	36.42
1.28	1.64	0.36	6407.38	35.9	36.24	36.42
1.26	1.65	0.39	6148.38	36.82	36.28	36.43
1.3	1.64	0.35	6540.02	35.44	36.25	36.44
1.26	1.65	0.39	6199.52	36.64	36.25	36.44
1.28	1.65	0.37	6328.81	36.17	36.21	36.44
1.27	1.65	0.38	6225.22	36.54	36.25	36.44
1.27	1.66	0.39	6148.38	36.82	36.28	36.45
1.28	1.65	0.37	6302.79	36.27	36.28	36.44
1.27	1.65	0.38	6225.22	36.54	36.32	36.45
1.28	1.65	0.37	6328.81	36.17	36.33	36.45
1.28	1.65	0.37	6328.81	36.17	36.36	36.45
1.25	1.65	0.41	6047.06	37.19	36.4	36.46
1.28	1.65	0.37	6354.92	36.08	36.46	36.47
1.26	1.65	0.38	6225.22	36.54	36.45	36.47
1.29	1.65	0.36	6433.73	35.81	36.41	36.46
1.27	1.65	0.38	6276.85	36.36	36.4	36.46
1.28	1.65	0.37	6354.92	36.08	36.32	36.46
1.24	1.65	0.41	6021.93	37.29	36.42	36.6
1.28	1.65	0.37	6354.92	36.08	36.38	36.6
1.27	1.65	0.38	6276.85	36.36	36.4	36.6
1.27	1.65	0.38	6276.85	36.36	36.41	36.57
1.27	1.65	0.38	6225.22	36.54	36.35	36.57
1.26	1.65	0.39	6173.91	36.73	36.41	36.57
1.29	1.65	0.36	6407.38	35.9	36.35	36.59
1.27	1.65	0.38	6250.99	36.45	36.41	36.59
1.27	1.65	0.38	6250.99	36.45	36.42	36.59
1.26	1.65	0.39	6148.38	36.82	36.5	36.59
1.29	1.65	0.36	6381.1	35.99	36.37	36.59
1.28	1.65	0.37	6328.81	36.17	36.38	36.59
1.27	1.65	0.37	6302.79	36.27	36.37	36.58
1.27	1.65	0.38	6276.85	36.36	36.37	36.58
1.27	1.65	0.38	6276.85	36.36	36.35	36.58
1.28	1.65	0.37	6302.79	36.27	36.3	36.59
1.28	1.65	0.37	6302.79	36.27	36.34	36.59
1.28	1.65	0.36	6381.1	35.99	36.29	36.58
1.27	1.65	0.38	6225.22	36.54	36.3	36.58
1.29	1.65	0.36	6433.73	35.81	36.2	36.58
1.29	1.67	0.38	6276.85	36.36	36.24	36.58
1.3	1.66	0.36	6381.11	35.99	36.22	36.58
1.28	1.65	0.36	6381.1	35.99	36.19	36.57
1.28	1.65	0.37	6328.81	36.17	36.17	36.56
1.26	1.65	0.39	6173.91	36.73	36.21	36.57
1.25	1.64	0.39	6173.91	36.73	36.26	36.57
1.27	1.65	0.38	6225.22	36.54	36.29	36.52
1.29	1.65	0.36	6433.73	35.81	36.27	36.51
1.28	1.65	0.37	6328.81	36.17	36.23	36.52
1.27	1.65	0.38	6250.99	36.45	36.29	36.53
1.28	1.65	0.37	6354.92	36.08	36.27	36.55
1.27	1.66	0.39	6199.52	36.64	36.33	36.56
1.29	1.65	0.35	6460.18	35.71	36.3	36.55
1.27	1.65	0.38	6276.85	36.36	36.32	36.55
1.29	1.65	0.36	6381.1	35.99	36.25	36.54
1.27	1.65	0.38	6250.99	36.45	36.22	36.55
1.28	1.65	0.37	6328.81	36.17	36.18	36.55
1.28	1.65	0.37	6328.81	36.17	36.22	36.54
1.27	1.65	0.38	6276.85	36.36	36.24	36.54